36 640 480 2

1 0 0 500 500
200 40
100 30

1

1
C:/Dibujo_3D/Utah.teapot
0
0.1 0.1 0.1
1.0 0.85 0.6
0.5 0.5 0.4
10
40.0 40.0 40.0
0.0 0.0 0.0
0.0 0.0 0.0

1 0 0 500 500
200 40
100 30

1

1
C:/Dibujo_3D/Utah.teapot
0
0.1 0.1 0.1
1.0 0.85 0.6
0.5 0.5 0.4
10
40.0 40.0 40.0
10.0 0.0 0.0
0.0 0.0 0.0

1 0 0 500 500
200 40
100 30

1

1
C:/Dibujo_3D/Utah.teapot
0
0.1 0.1 0.1
1.0 0.85 0.6
0.5 0.5 0.4
10
40.0 40.0 40.0
20.0 0.0 0.0
0.0 0.0 0.0

1 0 0 500 500
200 40
100 30

1

1
C:/Dibujo_3D/Utah.teapot
0
0.1 0.1 0.1
1.0 0.85 0.6
0.5 0.5 0.4
10
40.0 40.0 40.0
30.0 0.0 0.0
0.0 0.0 0.0

1 0 0 500 500
200 40
100 30

1

1
C:/Dibujo_3D/Utah.teapot
0
0.1 0.1 0.1
1.0 0.85 0.6
0.5 0.5 0.4
10
40.0 40.0 40.0
40.0 0.0 0.0
0.0 0.0 0.0

1 0 0 500 500
200 40
100 30

1

1
C:/Dibujo_3D/Utah.teapot
0
0.1 0.1 0.1
1.0 0.85 0.6
0.5 0.5 0.4
10
40.0 40.0 40.0
50.0 0.0 0.0
0.0 0.0 0.0

1 0 0 500 500
200 40
100 30

1

1
C:/Dibujo_3D/Utah.teapot
0
0.1 0.1 0.1
1.0 0.85 0.6
0.5 0.5 0.4
10
40.0 40.0 40.0
60.0 0.0 0.0
0.0 0.0 0.0

1 0 0 500 500
200 40
100 30

1

1
C:/Dibujo_3D/Utah.teapot
0
0.1 0.1 0.1
1.0 0.85 0.6
0.5 0.5 0.4
10
40.0 40.0 40.0
70.0 0.0 0.0
0.0 0.0 0.0

1 0 0 500 500
200 40
100 30

1

1
C:/Dibujo_3D/Utah.teapot
0
0.1 0.1 0.1
1.0 0.85 0.6
0.5 0.5 0.4
10
40.0 40.0 40.0
80.0 0.0 0.0
0.0 0.0 0.0

1 0 0 500 500
200 40
100 30

1

1
C:/Dibujo_3D/Utah.teapot
0
0.1 0.1 0.1
1.0 0.85 0.6
0.5 0.5 0.4
10
40.0 40.0 40.0
90.0 0.0 0.0
0.0 0.0 0.0

1 0 0 500 500
200 40
100 30

1

1
C:/Dibujo_3D/Utah.teapot
0
0.1 0.1 0.1
1.0 0.85 0.6
0.5 0.5 0.4
10
40.0 40.0 40.0
100.0 0.0 0.0
0.0 0.0 0.0

1 0 0 500 500
200 40
100 30

1

1
C:/Dibujo_3D/Utah.teapot
0
0.1 0.1 0.1
1.0 0.85 0.6
0.5 0.5 0.4
10
40.0 40.0 40.0
110.0 0.0 0.0
0.0 0.0 0.0

1 0 0 500 500
200 40
100 30

1

1
C:/Dibujo_3D/Utah.teapot
0
0.1 0.1 0.1
1.0 0.85 0.6
0.5 0.5 0.4
10
40.0 40.0 40.0
120.0 0.0 0.0
0.0 0.0 0.0

1 0 0 500 500
200 40
100 30

1

1
C:/Dibujo_3D/Utah.teapot
0
0.1 0.1 0.1
1.0 0.85 0.6
0.5 0.5 0.4
10
40.0 40.0 40.0
130.0 0.0 0.0
0.0 0.0 0.0

1 0 0 500 500
200 40
100 30

1

1
C:/Dibujo_3D/Utah.teapot
0
0.1 0.1 0.1
1.0 0.85 0.6
0.5 0.5 0.4
10
40.0 40.0 40.0
140.0 0.0 0.0
0.0 0.0 0.0

1 0 0 500 500
200 40
100 30

1

1
C:/Dibujo_3D/Utah.teapot
0
0.1 0.1 0.1
1.0 0.85 0.6
0.5 0.5 0.4
10
40.0 40.0 40.0
150.0 0.0 0.0
0.0 0.0 0.0

1 0 0 500 500
200 40
100 30

1

1
C:/Dibujo_3D/Utah.teapot
0
0.1 0.1 0.1
1.0 0.85 0.6
0.5 0.5 0.4
10
40.0 40.0 40.0
160.0 0.0 0.0
0.0 0.0 0.0

1 0 0 500 500
200 40
100 30

1

1
C:/Dibujo_3D/Utah.teapot
0
0.1 0.1 0.1
1.0 0.85 0.6
0.5 0.5 0.4
10
40.0 40.0 40.0
170.0 0.0 0.0
0.0 0.0 0.0

1 0 0 500 500
200 40
100 30

1

1
C:/Dibujo_3D/Utah.teapot
0
0.1 0.1 0.1
1.0 0.85 0.6
0.5 0.5 0.4
10
40.0 40.0 40.0
180.0 0.0 0.0
0.0 0.0 0.0

1 0 0 500 500
200 40
100 30

1

1
C:/Dibujo_3D/Utah.teapot
0
0.1 0.1 0.1
1.0 0.85 0.6
0.5 0.5 0.4
10
40.0 40.0 40.0
190.0 0.0 0.0
0.0 0.0 0.0

1 0 0 500 500
200 40
100 30

1

1
C:/Dibujo_3D/Utah.teapot
0
0.1 0.1 0.1
1.0 0.85 0.6
0.5 0.5 0.4
10
40.0 40.0 40.0
200.0 0.0 0.0
0.0 0.0 0.0

1 0 0 500 500
200 40
100 30

1

1
C:/Dibujo_3D/Utah.teapot
0
0.1 0.1 0.1
1.0 0.85 0.6
0.5 0.5 0.4
10
40.0 40.0 40.0
210.0 0.0 0.0
0.0 0.0 0.0

1 0 0 500 500
200 40
100 30

1

1
C:/Dibujo_3D/Utah.teapot
0
0.1 0.1 0.1
1.0 0.85 0.6
0.5 0.5 0.4
10
40.0 40.0 40.0
220.0 0.0 0.0
0.0 0.0 0.0

1 0 0 500 500
200 40
100 30

1

1
C:/Dibujo_3D/Utah.teapot
0
0.1 0.1 0.1
1.0 0.85 0.6
0.5 0.5 0.4
10
40.0 40.0 40.0
230.0 0.0 0.0
0.0 0.0 0.0

1 0 0 500 500
200 40
100 30

1

1
C:/Dibujo_3D/Utah.teapot
0
0.1 0.1 0.1
1.0 0.85 0.6
0.5 0.5 0.4
10
40.0 40.0 40.0
240.0 0.0 0.0
0.0 0.0 0.0

1 0 0 500 500
200 40
100 30

1

1
C:/Dibujo_3D/Utah.teapot
0
0.1 0.1 0.1
1.0 0.85 0.6
0.5 0.5 0.4
10
40.0 40.0 40.0
250.0 0.0 0.0
0.0 0.0 0.0

1 0 0 500 500
200 40
100 30

1

1
C:/Dibujo_3D/Utah.teapot
0
0.1 0.1 0.1
1.0 0.85 0.6
0.5 0.5 0.4
10
40.0 40.0 40.0
260.0 0.0 0.0
0.0 0.0 0.0

1 0 0 500 500
200 40
100 30

1

1
C:/Dibujo_3D/Utah.teapot
0
0.1 0.1 0.1
1.0 0.85 0.6
0.5 0.5 0.4
10
40.0 40.0 40.0
270.0 0.0 0.0
0.0 0.0 0.0

1 0 0 500 500
200 40
100 30

1

1
C:/Dibujo_3D/Utah.teapot
0
0.1 0.1 0.1
1.0 0.85 0.6
0.5 0.5 0.4
10
40.0 40.0 40.0
280.0 0.0 0.0
0.0 0.0 0.0

1 0 0 500 500
200 40
100 30

1

1
C:/Dibujo_3D/Utah.teapot
0
0.1 0.1 0.1
1.0 0.85 0.6
0.5 0.5 0.4
10
40.0 40.0 40.0
290.0 0.0 0.0
0.0 0.0 0.0

1 0 0 500 500
200 40
100 30

1

1
C:/Dibujo_3D/Utah.teapot
0
0.1 0.1 0.1
1.0 0.85 0.6
0.5 0.5 0.4
10
40.0 40.0 40.0
300.0 0.0 0.0
0.0 0.0 0.0

1 0 0 500 500
200 40
100 30

1

1
C:/Dibujo_3D/Utah.teapot
0
0.1 0.1 0.1
1.0 0.85 0.6
0.5 0.5 0.4
10
40.0 40.0 40.0
310.0 0.0 0.0
0.0 0.0 0.0

1 0 0 500 500
200 40
100 30

1

1
C:/Dibujo_3D/Utah.teapot
0
0.1 0.1 0.1
1.0 0.85 0.6
0.5 0.5 0.4
10
40.0 40.0 40.0
320.0 0.0 0.0
0.0 0.0 0.0

1 0 0 500 500
200 40
100 30

1

1
C:/Dibujo_3D/Utah.teapot
0
0.1 0.1 0.1
1.0 0.85 0.6
0.5 0.5 0.4
10
40.0 40.0 40.0
330.0 0.0 0.0
0.0 0.0 0.0

1 0 0 500 500
200 40
100 30

1

1
C:/Dibujo_3D/Utah.teapot
0
0.1 0.1 0.1
1.0 0.85 0.6
0.5 0.5 0.4
10
40.0 40.0 40.0
340.0 0.0 0.0
0.0 0.0 0.0

1 0 0 500 500
200 40
100 30

1

1
C:/Dibujo_3D/Utah.teapot
0
0.1 0.1 0.1
1.0 0.85 0.6
0.5 0.5 0.4
10
40.0 40.0 40.0
350.0 0.0 0.0
0.0 0.0 0.0

