Cara feliz
180 148
  0.0057 -0.4468  0.9868
  0.1945 -0.3845  1.0000
  0.3632 -0.2915  0.9614
  0.5291 -0.1156  0.9027
  0.0078 -0.4908  0.7223
  0.1969 -0.4395  0.7264
  0.3650 -0.3301  0.7308
  0.5436 -0.1547  0.7045
  0.6755  0.0812  0.6923
  0.0076 -0.4700  0.4595
  0.1778 -0.4235  0.4822
  0.3844 -0.3247  0.5101
  0.5330 -0.2065  0.5296
  0.6665 -0.0131  0.4751
  0.6896  0.0589  0.4066
  0.7470  0.2317  0.5305
  0.0072 -0.4499  0.3141
  0.1731 -0.2754  0.2616
  0.2499 -0.2911  0.3423
  0.3961 -0.2889  0.3550
  0.4706 -0.2322  0.3610
  0.5361 -0.1024  0.3315
  0.5381 -0.0635  0.3045
  0.6832  0.0629  0.3162
  0.7672  0.2100  0.3427
  0.7605  0.4021  0.3866
  0.3814 -0.2179  0.1560
  0.4743 -0.1464  0.1718
  0.5350 -0.0640  0.2490
  0.0117 -0.5677  0.0588
  0.0873 -0.5422  0.0446
  0.1373 -0.3327  0.0497
  0.2748 -0.2567  0.0238
  0.4431 -0.1550  0.0330
  0.6695  0.1012  0.1750
  0.7409  0.2482  0.1428
  0.7394  0.4727  0.1745
  0.0159 -0.6777 -0.1164
  0.1204 -0.5705 -0.1121
  0.3286 -0.3297 -0.1628
  0.4972 -0.2354 -0.1782
  0.6452 -0.1000 -0.1481
  0.7222  0.0638 -0.0818
  0.7675  0.2236 -0.0456
  0.7579  0.4994  0.0173
  0.7526  0.6513  0.0520
  0.0148 -0.6412 -0.2190
  0.1206 -0.5730 -0.1584
  0.3284 -0.3212 -0.2000
  0.5096 -0.2167 -0.3012
  0.6445 -0.0701 -0.3077
  0.7276  0.1034 -0.2686
  0.7475  0.2623 -0.2324
  0.7395  0.4916 -0.1801
  0.7330  0.6776 -0.1376
  0.0102 -0.4945 -0.4334
  0.1977 -0.3949 -0.4118
  0.3550 -0.3478 -0.3367
  0.4956 -0.1687 -0.4990
  0.6061 -0.0532 -0.4732
  0.6595  0.0574 -0.4353
  0.6920  0.2185 -0.3922
  0.6853  0.4106 -0.3483
  0.6788  0.5966 -0.3058
  0.0082 -0.4230 -0.6324
  0.1982 -0.4024 -0.5505
  0.0082 -0.4181 -0.7683
  0.1971 -0.3599 -0.7366
  0.3275 -0.2652 -0.7027
  0.4571 -0.1490 -0.6769
  0.5297 -0.0411 -0.6527
  0.5896  0.0665 -0.6285
  0.5966  0.2281 -0.5917
  0.5901  0.4140 -0.5492
  0.0082 -0.4043 -1.0001
  0.1784 -0.3550 -0.9898
  0.2735 -0.2567 -0.9484
  0.3301 -0.1470 -0.8910
  0.3765 -0.0177 -0.8357
  0.4942  0.0731 -0.7863
  0.5202  0.2383 -0.7194
  0.0636 -0.4265  0.3061
  0.1282 -0.4350  0.0101
  0.1987 -0.4414 -0.1223
  0.1988 -0.4374 -0.2258
  0.0109 -0.5222 -0.2831
  0.0085 -0.4403 -0.4993
  0.1975 -0.3878 -0.4428
  0.0083 -0.4318 -0.5366
  0.1972 -0.3765 -0.4924
  0.0057 -0.4468  0.9868
 -0.1870 -0.3977  0.9992
 -0.3615 -0.3165  0.9600
 -0.5389 -0.1524  0.9006
  0.0078 -0.4908  0.7223
 -0.1845 -0.4526  0.7256
 -0.3597 -0.3551  0.7293
 -0.5499 -0.1924  0.7023
 -0.6977  0.0339  0.6896
  0.0076 -0.4700  0.4595
 -0.1655 -0.4354  0.4815
 -0.3785 -0.3510  0.5085
 -0.5350 -0.2433  0.5275
 -0.6813 -0.0596  0.4724
 -0.7090  0.0106  0.4038
 -0.7787  0.1791  0.5275
  0.0072 -0.4499  0.3141
 -0.1702 -0.2872  0.2609
 -0.2460 -0.3082  0.3414
 -0.3921 -0.3161  0.3535
 -0.4703 -0.2646  0.3591
 -0.5446 -0.1397  0.3294
 -0.5490 -0.1010  0.3023
 -0.7027  0.0151  0.3134
 -0.7967  0.1560  0.3396
 -0.8034  0.3482  0.3835
 -0.3815 -0.2442  0.1545
 -0.4792 -0.1793  0.1699
 -0.5457 -0.1013  0.2468
  0.0117 -0.5677  0.0588
 -0.0653 -0.5475  0.0443
 -0.1297 -0.3419  0.0492
 -0.2719 -0.2756  0.0227
 -0.4469 -0.1857  0.0312
 -0.6910  0.0543  0.1722
 -0.7722  0.1960  0.1398
 -0.7863  0.4201  0.1714
  0.0159 -0.6777 -0.1164
 -0.0958 -0.5780 -0.1126
 -0.3199 -0.3521 -0.1641
 -0.4945 -0.2697 -0.1801
 -0.6516 -0.1448 -0.1507
 -0.7400  0.0134 -0.0848
 -0.7964  0.1697 -0.0488
 -0.8060  0.4455  0.0142
 -0.8113  0.5973  0.0489
  0.0148 -0.6412 -0.2190
 -0.0956 -0.5805 -0.1588
 -0.3201 -0.3436 -0.2013
 -0.5076 -0.2518 -0.3032
 -0.6524 -0.1149 -0.3103
 -0.7473  0.0525 -0.2715
 -0.7783  0.2097 -0.2355
 -0.7863  0.4390 -0.1831
 -0.7928  0.6249 -0.1407
  0.0102 -0.4945 -0.4334
 -0.1838 -0.4081 -0.4126
 -0.3443 -0.3719 -0.3381
 -0.4962 -0.2030 -0.5009
 -0.6145 -0.0953 -0.4757
 -0.6755  0.0114 -0.4379
 -0.7193  0.1698 -0.3950
 -0.7260  0.3620 -0.3511
 -0.7325  0.5479 -0.3087
  0.0082 -0.4230 -0.6324
 -0.1832 -0.4156 -0.5513
  0.0082 -0.4181 -0.7683
 -0.1843 -0.3731 -0.7373
 -0.3210 -0.2876 -0.7040
 -0.4584 -0.1806 -0.6788
 -0.5384 -0.0779 -0.6549
 -0.6056  0.0253 -0.6309
 -0.6240  0.1860 -0.5941
 -0.6305  0.3719 -0.5517
  0.0082 -0.4043 -1.0001
 -0.1649 -0.3669 -0.9905
 -0.2668 -0.2753 -0.9494
 -0.3310 -0.1698 -0.8924
 -0.3864 -0.0440 -0.8372
 -0.5103  0.0384 -0.7883
 -0.5479  0.2014 -0.7216
 -0.0508 -0.4304  0.3058
 -0.1134 -0.4433  0.0096
 -0.1827 -0.4546 -0.1230
 -0.1827 -0.4505 -0.2265
  0.0109 -0.5222 -0.2831
  0.0085 -0.4403 -0.4993
 -0.1840 -0.4010 -0.4436
  0.0083 -0.4318 -0.5366
 -0.1842 -0.3897 -0.4932
4 2 1 5 6 
4 3 2 6 7 
4 4 3 7 8 
3 9 4 8 
4 6 5 10 11 
4 7 6 11 12 
4 8 7 12 13 
4 9 8 13 14 
4 16 9 14 15 
4 11 10 17 18 
3 11 18 19 
4 12 11 19 20 
4 13 12 20 21 
4 14 13 21 22 
4 15 14 22 23 
3 15 23 24 
3 11 82 18 
4 16 15 24 25 
3 16 25 26 
4 82 17 30 31 
4 18 82 31 83 
3 18 83 32 
4 27 18 32 33 
4 28 27 33 34 
4 29 28 34 35 
4 23 29 35 24 
4 25 24 35 36 
4 26 25 36 37 
4 31 30 38 39 
4 83 31 39 84 
4 32 83 84 40 
4 33 32 40 41 
4 34 33 41 42 
4 35 34 42 43 
4 36 35 43 44 
4 37 36 44 45 
3 37 45 46 
4 39 38 47 48 
4 84 39 48 85 
4 40 84 85 49 
4 41 40 49 50 
4 42 41 50 51 
4 43 42 51 52 
4 44 43 52 53 
4 45 44 53 54 
4 46 45 54 55 
4 48 47 86 85 
4 85 86 56 57 
4 49 85 57 58 
4 50 49 58 59 
4 51 50 59 60 
4 52 51 60 61 
4 53 52 61 62 
4 54 53 62 63 
4 55 54 63 64 
4 66 65 67 68 
4 58 66 68 69 
4 59 58 69 70 
4 60 59 70 71 
4 61 60 71 72 
4 62 61 72 73 
4 63 62 73 74 
3 64 63 74 
4 68 67 75 76 
4 69 68 76 77 
4 70 69 77 78 
4 71 70 78 79 
4 72 71 79 80 
4 73 72 80 81 
3 74 73 81 
4 57 56 87 88 
3 58 57 88 
4 90 89 65 66 
3 58 90 66 
4 96 5 1 92 
4 97 96 92 93 
4 98 97 93 94 
3 98 94 99 
4 101 10 5 96 
4 102 101 96 97 
4 103 102 97 98 
4 104 103 98 99 
4 105 104 99 106 
4 108 17 10 101 
3 109 108 101 
4 110 109 101 102 
4 111 110 102 103 
4 112 111 103 104 
4 113 112 104 105 
3 114 113 105 
3 108 172 101 
4 115 114 105 106 
3 116 115 106 
4 121 30 17 172 
4 173 121 172 108 
3 122 173 108 
4 123 122 108 117 
4 124 123 117 118 
4 125 124 118 119 
4 114 125 119 113 
4 126 125 114 115 
4 127 126 115 116 
4 129 38 30 121 
4 174 129 121 173 
4 130 174 173 122 
4 131 130 122 123 
4 132 131 123 124 
4 133 132 124 125 
4 134 133 125 126 
4 135 134 126 127 
3 136 135 127 
4 138 47 38 129 
4 175 138 129 174 
4 139 175 174 130 
4 140 139 130 131 
4 141 140 131 132 
4 142 141 132 133 
4 143 142 133 134 
4 144 143 134 135 
4 145 144 135 136 
4 175 86 47 138 
4 147 56 86 175 
4 148 147 175 139 
4 149 148 139 140 
4 150 149 140 141 
4 151 150 141 142 
4 152 151 142 143 
4 153 152 143 144 
4 154 153 144 145 
4 158 67 65 156 
4 159 158 156 148 
4 160 159 148 149 
4 161 160 149 150 
4 162 161 150 151 
4 163 162 151 152 
4 164 163 152 153 
3 164 153 154 
4 166 75 67 158 
4 167 166 158 159 
4 168 167 159 160 
4 169 168 160 161 
4 170 169 161 162 
4 171 170 162 163 
3 171 163 164 
4 178 87 56 147 
3 178 147 148 
4 156 65 89 180 
3 156 180 148 
