Cara
180 148
  0.0000 -0.4755  0.9851
  0.1909 -0.4202  1.0000
  0.3628 -0.3316  0.9644
  0.5346 -0.1593  0.9117
  0.0000 -0.5097  0.7190
  0.1909 -0.4650  0.7243
  0.3628 -0.3617  0.7323
  0.5473 -0.1915  0.7120
  0.6874  0.0402  0.7081
 -0.0001 -0.4790  0.4570
  0.1718 -0.4393  0.4808
  0.3819 -0.3487  0.5117
  0.5346 -0.2364  0.5352
  0.6747 -0.0457  0.4875
  0.7001  0.0280  0.4215
  0.7638  0.1941  0.5517
  0.0000 -0.4534  0.3123
  0.1718 -0.2828  0.2658
  0.2482 -0.3042  0.3457
  0.3946 -0.3075  0.3580
  0.4710 -0.2536  0.3659
  0.5410 -0.1250  0.3410
  0.5442 -0.0852  0.3154
  0.6937  0.0357  0.3314
  0.7829  0.1788  0.3631
  0.7829  0.3694  0.4142
  0.3819 -0.2285  0.1617
  0.4773 -0.1609  0.1798
  0.5410 -0.0835  0.2598
 -0.0001 -0.5618  0.0526
  0.0763 -0.5384  0.0391
  0.1336 -0.3309  0.0519
  0.2736 -0.2587  0.0284
  0.4455 -0.1632  0.0408
  0.6810  0.0797  0.1916
  0.7574  0.2253  0.1647
  0.7638  0.4485  0.2047
 -0.0001 -0.6653 -0.1267
  0.1082 -0.5620 -0.1188
  0.3246 -0.3266 -0.1611
  0.4964 -0.2376 -0.1735
  0.6492 -0.1085 -0.1389
  0.7320  0.0501 -0.0668
  0.7829  0.2069 -0.0247
  0.7829  0.4805  0.0485
  0.7829  0.6311  0.0889
 -0.0001 -0.6250 -0.2279
  0.1082 -0.5627 -0.1651
  0.3246 -0.3167 -0.1980
  0.5092 -0.2147 -0.2959
  0.6492 -0.0726 -0.2973
  0.7383  0.0965 -0.2520
  0.7638  0.2533 -0.2100
  0.7638  0.4807 -0.1491
  0.7638  0.6652 -0.0997
 -0.0001 -0.4702 -0.4368
  0.1909 -0.3631 -0.4674
  0.2673 -0.2486 -0.5257
  0.4964 -0.1589 -0.4918
  0.6110 -0.0482 -0.4622
  0.6683  0.0592 -0.4202
  0.7065  0.2174 -0.3712
  0.7065  0.4080 -0.3202
  0.7065  0.5924 -0.2707
 -0.0001 -0.4527 -0.6496
  0.1909 -0.3720 -0.5819
 -0.0001 -0.3812 -0.7688
  0.1909 -0.3308 -0.7355
  0.3246 -0.2419 -0.6985
  0.4582 -0.1312 -0.6689
  0.5346 -0.0267 -0.6409
  0.5983  0.0778 -0.6129
  0.6110  0.2377 -0.5701
  0.6110  0.4222 -0.5206
 -0.0001 -0.3588 -1.0000
  0.1718 -0.3157 -0.9885
  0.2705 -0.2223 -0.9437
  0.3309 -0.1168 -0.8825
  0.3819  0.0088 -0.8225
  0.5028  0.0936 -0.7701
  0.5346  0.2553 -0.6971
  0.0572 -0.4317  0.3049
  0.1209 -0.4313  0.0085
  0.1909 -0.4353 -0.1243
  0.1909 -0.4274 -0.2277
 -0.0001 -0.5035 -0.2876
  0.0000 -0.4135 -0.5007
  0.1909 -0.3549 -0.4982
  0.0000 -0.4135 -0.5007
  0.1909 -0.3549 -0.4982
  0.0000 -0.4755  0.9851
 -0.1910 -0.4202  1.0000
 -0.3629 -0.3316  0.9644
 -0.5347 -0.1593  0.9117
  0.0000 -0.5097  0.7190
 -0.1910 -0.4650  0.7243
 -0.3629 -0.3617  0.7323
 -0.5475 -0.1915  0.7120
 -0.6875  0.0402  0.7081
 -0.0001 -0.4790  0.4570
 -0.1719 -0.4393  0.4808
 -0.3820 -0.3487  0.5117
 -0.5347 -0.2364  0.5352
 -0.6748 -0.0457  0.4875
 -0.7002  0.0280  0.4215
 -0.7639  0.1941  0.5517
  0.0000 -0.4534  0.3123
 -0.1719 -0.2828  0.2658
 -0.2483 -0.3042  0.3457
 -0.3947 -0.3075  0.3580
 -0.4711 -0.2536  0.3659
 -0.5411 -0.1250  0.3410
 -0.5443 -0.0852  0.3154
 -0.6939  0.0357  0.3314
 -0.7830  0.1788  0.3631
 -0.7830  0.3694  0.4142
 -0.3820 -0.2285  0.1617
 -0.4774 -0.1609  0.1798
 -0.5411 -0.0835  0.2598
 -0.0001 -0.5618  0.0526
 -0.0764 -0.5384  0.0391
 -0.1337 -0.3309  0.0519
 -0.2738 -0.2587  0.0284
 -0.4456 -0.1632  0.0408
 -0.6811  0.0798  0.1916
 -0.7575  0.2253  0.1647
 -0.7639  0.4485  0.2047
 -0.0001 -0.6653 -0.1267
 -0.1083 -0.5620 -0.1188
 -0.3247 -0.3266 -0.1611
 -0.4965 -0.2376 -0.1735
 -0.6493 -0.1085 -0.1389
 -0.7321  0.0501 -0.0668
 -0.7830  0.2069 -0.0247
 -0.7830  0.4805  0.0485
 -0.7830  0.6311  0.0889
 -0.0001 -0.6250 -0.2279
 -0.1083 -0.5627 -0.1651
 -0.3247 -0.3167 -0.1980
 -0.5093 -0.2147 -0.2959
 -0.6493 -0.0726 -0.2973
 -0.7384  0.0965 -0.2520
 -0.7639  0.2533 -0.2100
 -0.7639  0.4807 -0.1491
 -0.7639  0.6652 -0.0997
 -0.0001 -0.4702 -0.4368
 -0.1910 -0.3631 -0.4674
 -0.2674 -0.2486 -0.5257
 -0.4965 -0.1589 -0.4918
 -0.6111 -0.0482 -0.4622
 -0.6684  0.0592 -0.4202
 -0.7066  0.2174 -0.3712
 -0.7066  0.4080 -0.3202
 -0.7066  0.5924 -0.2707
 -0.0001 -0.4527 -0.6496
 -0.1910 -0.3720 -0.5819
 -0.0001 -0.3812 -0.7688
 -0.1910 -0.3308 -0.7355
 -0.3247 -0.2419 -0.6985
 -0.4583 -0.1312 -0.6689
 -0.5347 -0.0267 -0.6409
 -0.5984  0.0779 -0.6129
 -0.6111  0.2377 -0.5701
 -0.6111  0.4221 -0.5206
 -0.0001 -0.3588 -1.0000
 -0.1719 -0.3157 -0.9885
 -0.2706 -0.2223 -0.9437
 -0.3310 -0.1168 -0.8825
 -0.3820  0.0088 -0.8225
 -0.5029  0.0936 -0.7701
 -0.5347  0.2553 -0.6971
 -0.0573 -0.4317  0.3049
 -0.1210 -0.4313  0.0085
 -0.1910 -0.4353 -0.1243
 -0.1910 -0.4273 -0.2277
 -0.0001 -0.5035 -0.2876
  0.0000 -0.4135 -0.5007
 -0.1910 -0.3549 -0.4982
  0.0000 -0.4135 -0.5007
 -0.1910 -0.3549 -0.4982
4 2 1 5 6 
4 3 2 6 7 
4 4 3 7 8 
3 9 4 8 
4 6 5 10 11 
4 7 6 11 12 
4 8 7 12 13 
4 9 8 13 14 
4 16 9 14 15 
4 11 10 17 18 
3 11 18 19 
4 12 11 19 20 
4 13 12 20 21 
4 14 13 21 22 
4 15 14 22 23 
3 15 23 24 
3 11 82 18 
4 16 15 24 25 
3 16 25 26 
4 82 17 30 31 
4 18 82 31 83 
3 18 83 32 
4 27 18 32 33 
4 28 27 33 34 
4 29 28 34 35 
4 23 29 35 24 
4 25 24 35 36 
4 26 25 36 37 
4 31 30 38 39 
4 83 31 39 84 
4 32 83 84 40 
4 33 32 40 41 
4 34 33 41 42 
4 35 34 42 43 
4 36 35 43 44 
4 37 36 44 45 
3 37 45 46 
4 39 38 47 48 
4 84 39 48 85 
4 40 84 85 49 
4 41 40 49 50 
4 42 41 50 51 
4 43 42 51 52 
4 44 43 52 53 
4 45 44 53 54 
4 46 45 54 55 
4 48 47 86 85 
4 85 86 56 57 
4 49 85 57 58 
4 50 49 58 59 
4 51 50 59 60 
4 52 51 60 61 
4 53 52 61 62 
4 54 53 62 63 
4 55 54 63 64 
4 66 65 67 68 
4 58 66 68 69 
4 59 58 69 70 
4 60 59 70 71 
4 61 60 71 72 
4 62 61 72 73 
4 63 62 73 74 
3 64 63 74 
4 68 67 75 76 
4 69 68 76 77 
4 70 69 77 78 
4 71 70 78 79 
4 72 71 79 80 
4 73 72 80 81 
3 74 73 81 
4 57 56 87 88 
3 58 57 88 
4 90 89 65 66 
3 58 90 66 
4 96 5 1 92 
4 97 96 92 93 
4 98 97 93 94 
3 98 94 99 
4 101 10 5 96 
4 102 101 96 97 
4 103 102 97 98 
4 104 103 98 99 
4 105 104 99 106 
4 108 17 10 101 
3 109 108 101 
4 110 109 101 102 
4 111 110 102 103 
4 112 111 103 104 
4 113 112 104 105 
3 114 113 105 
3 108 172 101 
4 115 114 105 106 
3 116 115 106 
4 121 30 17 172 
4 173 121 172 108 
3 122 173 108 
4 123 122 108 117 
4 124 123 117 118 
4 125 124 118 119 
4 114 125 119 113 
4 126 125 114 115 
4 127 126 115 116 
4 129 38 30 121 
4 174 129 121 173 
4 130 174 173 122 
4 131 130 122 123 
4 132 131 123 124 
4 133 132 124 125 
4 134 133 125 126 
4 135 134 126 127 
3 136 135 127 
4 138 47 38 129 
4 175 138 129 174 
4 139 175 174 130 
4 140 139 130 131 
4 141 140 131 132 
4 142 141 132 133 
4 143 142 133 134 
4 144 143 134 135 
4 145 144 135 136 
4 175 86 47 138 
4 147 56 86 175 
4 148 147 175 139 
4 149 148 139 140 
4 150 149 140 141 
4 151 150 141 142 
4 152 151 142 143 
4 153 152 143 144 
4 154 153 144 145 
4 158 67 65 156 
4 159 158 156 148 
4 160 159 148 149 
4 161 160 149 150 
4 162 161 150 151 
4 163 162 151 152 
4 164 163 152 153 
3 164 153 154 
4 166 75 67 158 
4 167 166 158 159 
4 168 167 159 160 
4 169 168 160 161 
4 170 169 161 162 
4 171 170 162 163 
3 171 163 164 
4 178 87 56 147 
3 178 147 148 
4 156 65 89 180 
3 156 180 148 
