Copa
220
0.0000 0.0000 -16.0000
0.0000 0.0000 -16.0000
-2.4721 7.6084 -16.0000
0.0000 7.9999 -16.0000
0.0000 7.9999 -16.0000
-2.4721 7.6084 -16.0000
-2.4721 7.6084 -15.0000
0.0000 7.9999 -15.0000
0.0000 7.9999 -15.0000
-2.4721 7.6084 -15.0000
-0.3090 0.9510 -15.0000
0.0000 0.9999 -15.0000
0.0000 0.9999 -15.0000
-0.3090 0.9510 -15.0000
-0.3090 0.9510 -2.0000
0.0000 0.9999 -2.0000
0.0000 0.9999 -2.0000
-0.3090 0.9510 -2.0000
-1.8541 5.7063 -1.0000
0.0000 5.9999 -1.0000
0.0000 5.9999 -1.0000
-1.8541 5.7063 -1.0000
-2.4721 7.6084 2.0000
0.0000 7.9999 2.0000
0.0000 7.9999 2.0000
-2.4721 7.6084 2.0000
-4.3262 13.3147 14.0000
0.0000 13.9999 14.0000
0.0000 13.9999 14.0000
-4.3262 13.3147 14.0000
-4.0172 12.3637 14.0000
0.0000 12.9999 14.0000
0.0000 12.9999 14.0000
-4.0172 12.3637 14.0000
-2.1631 6.6573 2.0000
0.0000 6.9999 2.0000
0.0000 6.9999 2.0000
-2.1631 6.6573 2.0000
-1.5450 4.7552 0.0000
0.0000 4.9999 0.0000
0.0000 4.9999 0.0000
-1.5450 4.7552 0.0000
0.0000 0.0000 0.0000
0.0000 0.0000 0.0000
0.0000 0.0000 -16.0000
0.0000 0.0000 -16.0000
-4.7022 6.4721 -16.0000
-2.4721 7.6084 -16.0000
-2.4721 7.6084 -16.0000
-4.7022 6.4721 -16.0000
-4.7022 6.4721 -15.0000
-2.4721 7.6084 -15.0000
-2.4721 7.6084 -15.0000
-4.7022 6.4721 -15.0000
-0.5877 0.8090 -15.0000
-0.3090 0.9510 -15.0000
-0.3090 0.9510 -15.0000
-0.5877 0.8090 -15.0000
-0.5877 0.8090 -2.0000
-0.3090 0.9510 -2.0000
-0.3090 0.9510 -2.0000
-0.5877 0.8090 -2.0000
-3.5267 4.8541 -1.0000
-1.8541 5.7063 -1.0000
-1.8541 5.7063 -1.0000
-3.5267 4.8541 -1.0000
-4.7022 6.4721 2.0000
-2.4721 7.6084 2.0000
-2.4721 7.6084 2.0000
-4.7022 6.4721 2.0000
-8.2289 11.3262 14.0000
-4.3262 13.3147 14.0000
-4.3262 13.3147 14.0000
-8.2289 11.3262 14.0000
-7.6412 10.5172 14.0000
-4.0172 12.3637 14.0000
-4.0172 12.3637 14.0000
-7.6412 10.5172 14.0000
-4.1144 5.6631 2.0000
-2.1631 6.6573 2.0000
-2.1631 6.6573 2.0000
-4.1144 5.6631 2.0000
-2.9389 4.0450 0.0000
-1.5450 4.7552 0.0000
-1.5450 4.7552 0.0000
-2.9389 4.0450 0.0000
0.0000 0.0000 0.0000
0.0000 0.0000 0.0000
0.0000 0.0000 -16.0000
0.0000 0.0000 -16.0000
-6.4721 4.7022 -16.0000
-4.7022 6.4721 -16.0000
-4.7022 6.4721 -16.0000
-6.4721 4.7022 -16.0000
-6.4721 4.7022 -15.0000
-4.7022 6.4721 -15.0000
-4.7022 6.4721 -15.0000
-6.4721 4.7022 -15.0000
-0.8090 0.5877 -15.0000
-0.5877 0.8090 -15.0000
-0.5877 0.8090 -15.0000
-0.8090 0.5877 -15.0000
-0.8090 0.5877 -2.0000
-0.5877 0.8090 -2.0000
-0.5877 0.8090 -2.0000
-0.8090 0.5877 -2.0000
-4.8541 3.5267 -1.0000
-3.5267 4.8541 -1.0000
-3.5267 4.8541 -1.0000
-4.8541 3.5267 -1.0000
-6.4721 4.7022 2.0000
-4.7022 6.4721 2.0000
-4.7022 6.4721 2.0000
-6.4721 4.7022 2.0000
-11.3262 8.2289 14.0000
-8.2289 11.3262 14.0000
-8.2289 11.3262 14.0000
-11.3262 8.2289 14.0000
-10.5172 7.6412 14.0000
-7.6412 10.5172 14.0000
-7.6412 10.5172 14.0000
-10.5172 7.6412 14.0000
-5.6631 4.1144 2.0000
-4.1144 5.6631 2.0000
-4.1144 5.6631 2.0000
-5.6631 4.1144 2.0000
-4.0450 2.9389 0.0000
-2.9389 4.0450 0.0000
-2.9389 4.0450 0.0000
-4.0450 2.9389 0.0000
0.0000 0.0000 0.0000
0.0000 0.0000 0.0000
0.0000 0.0000 -16.0000
0.0000 0.0000 -16.0000
-7.6084 2.4721 -16.0000
-6.4721 4.7022 -16.0000
-6.4721 4.7022 -16.0000
-7.6084 2.4721 -16.0000
-7.6084 2.4721 -15.0000
-6.4721 4.7022 -15.0000
-6.4721 4.7022 -15.0000
-7.6084 2.4721 -15.0000
-0.9510 0.3090 -15.0000
-0.8090 0.5877 -15.0000
-0.8090 0.5877 -15.0000
-0.9510 0.3090 -15.0000
-0.9510 0.3090 -2.0000
-0.8090 0.5877 -2.0000
-0.8090 0.5877 -2.0000
-0.9510 0.3090 -2.0000
-5.7063 1.8541 -1.0000
-4.8541 3.5267 -1.0000
-4.8541 3.5267 -1.0000
-5.7063 1.8541 -1.0000
-7.6084 2.4721 2.0000
-6.4721 4.7022 2.0000
-6.4721 4.7022 2.0000
-7.6084 2.4721 2.0000
-13.3147 4.3262 14.0000
-11.3262 8.2289 14.0000
-11.3262 8.2289 14.0000
-13.3147 4.3262 14.0000
-12.3637 4.0172 14.0000
-10.5172 7.6412 14.0000
-10.5172 7.6412 14.0000
-12.3637 4.0172 14.0000
-6.6573 2.1631 2.0000
-5.6631 4.1144 2.0000
-5.6631 4.1144 2.0000
-6.6573 2.1631 2.0000
-4.7552 1.5450 0.0000
-4.0450 2.9389 0.0000
-4.0450 2.9389 0.0000
-4.7552 1.5450 0.0000
0.0000 0.0000 0.0000
0.0000 0.0000 0.0000
0.0000 0.0000 -16.0000
0.0000 0.0000 -16.0000
-7.9999 0.0000 -16.0000
-7.6084 2.4721 -16.0000
-7.6084 2.4721 -16.0000
-7.9999 0.0000 -16.0000
-7.9999 0.0000 -15.0000
-7.6084 2.4721 -15.0000
-7.6084 2.4721 -15.0000
-7.9999 0.0000 -15.0000
-0.9999 0.0000 -15.0000
-0.9510 0.3090 -15.0000
-0.9510 0.3090 -15.0000
-0.9999 0.0000 -15.0000
-0.9999 0.0000 -2.0000
-0.9510 0.3090 -2.0000
-0.9510 0.3090 -2.0000
-0.9999 0.0000 -2.0000
-5.9999 0.0000 -1.0000
-5.7063 1.8541 -1.0000
-5.7063 1.8541 -1.0000
-5.9999 0.0000 -1.0000
-7.9999 0.0000 2.0000
-7.6084 2.4721 2.0000
-7.6084 2.4721 2.0000
-7.9999 0.0000 2.0000
-13.9999 0.0000 14.0000
-13.3147 4.3262 14.0000
-13.3147 4.3262 14.0000
-13.9999 0.0000 14.0000
-12.9999 0.0000 14.0000
-12.3637 4.0172 14.0000
-12.3637 4.0172 14.0000
-12.9999 0.0000 14.0000
-6.9999 0.0000 2.0000
-6.6573 2.1631 2.0000
-6.6573 2.1631 2.0000
-6.9999 0.0000 2.0000
-4.9999 0.0000 0.0000
-4.7552 1.5450 0.0000
-4.7552 1.5450 0.0000
-4.9999 0.0000 0.0000
0.0000 0.0000 0.0000
0.0000 0.0000 0.0000
0.0000 0.0000 -16.0000
0.0000 0.0000 -16.0000
-7.6084 -2.4721 -16.0000
-7.9999 0.0000 -16.0000
-7.9999 0.0000 -16.0000
-7.6084 -2.4721 -16.0000
-7.6084 -2.4721 -15.0000
-7.9999 0.0000 -15.0000
-7.9999 0.0000 -15.0000
-7.6084 -2.4721 -15.0000
-0.9510 -0.3090 -15.0000
-0.9999 0.0000 -15.0000
-0.9999 0.0000 -15.0000
-0.9510 -0.3090 -15.0000
-0.9510 -0.3090 -2.0000
-0.9999 0.0000 -2.0000
-0.9999 0.0000 -2.0000
-0.9510 -0.3090 -2.0000
-5.7063 -1.8541 -1.0000
-5.9999 0.0000 -1.0000
-5.9999 0.0000 -1.0000
-5.7063 -1.8541 -1.0000
-7.6084 -2.4721 2.0000
-7.9999 0.0000 2.0000
-7.9999 0.0000 2.0000
-7.6084 -2.4721 2.0000
-13.3147 -4.3262 14.0000
-13.9999 0.0000 14.0000
-13.9999 0.0000 14.0000
-13.3147 -4.3262 14.0000
-12.3637 -4.0172 14.0000
-12.9999 0.0000 14.0000
-12.9999 0.0000 14.0000
-12.3637 -4.0172 14.0000
-6.6573 -2.1631 2.0000
-6.9999 0.0000 2.0000
-6.9999 0.0000 2.0000
-6.6573 -2.1631 2.0000
-4.7552 -1.5450 0.0000
-4.9999 0.0000 0.0000
-4.9999 0.0000 0.0000
-4.7552 -1.5450 0.0000
0.0000 0.0000 0.0000
0.0000 0.0000 0.0000
0.0000 0.0000 -16.0000
0.0000 0.0000 -16.0000
-6.4721 -4.7022 -16.0000
-7.6084 -2.4721 -16.0000
-7.6084 -2.4721 -16.0000
-6.4721 -4.7022 -16.0000
-6.4721 -4.7022 -15.0000
-7.6084 -2.4721 -15.0000
-7.6084 -2.4721 -15.0000
-6.4721 -4.7022 -15.0000
-0.8090 -0.5877 -15.0000
-0.9510 -0.3090 -15.0000
-0.9510 -0.3090 -15.0000
-0.8090 -0.5877 -15.0000
-0.8090 -0.5877 -2.0000
-0.9510 -0.3090 -2.0000
-0.9510 -0.3090 -2.0000
-0.8090 -0.5877 -2.0000
-4.8541 -3.5267 -1.0000
-5.7063 -1.8541 -1.0000
-5.7063 -1.8541 -1.0000
-4.8541 -3.5267 -1.0000
-6.4721 -4.7022 2.0000
-7.6084 -2.4721 2.0000
-7.6084 -2.4721 2.0000
-6.4721 -4.7022 2.0000
-11.3262 -8.2289 14.0000
-13.3147 -4.3262 14.0000
-13.3147 -4.3262 14.0000
-11.3262 -8.2289 14.0000
-10.5172 -7.6412 14.0000
-12.3637 -4.0172 14.0000
-12.3637 -4.0172 14.0000
-10.5172 -7.6412 14.0000
-5.6631 -4.1144 2.0000
-6.6573 -2.1631 2.0000
-6.6573 -2.1631 2.0000
-5.6631 -4.1144 2.0000
-4.0450 -2.9389 0.0000
-4.7552 -1.5450 0.0000
-4.7552 -1.5450 0.0000
-4.0450 -2.9389 0.0000
0.0000 0.0000 0.0000
0.0000 0.0000 0.0000
0.0000 0.0000 -16.0000
0.0000 0.0000 -16.0000
-4.7022 -6.4721 -16.0000
-6.4721 -4.7022 -16.0000
-6.4721 -4.7022 -16.0000
-4.7022 -6.4721 -16.0000
-4.7022 -6.4721 -15.0000
-6.4721 -4.7022 -15.0000
-6.4721 -4.7022 -15.0000
-4.7022 -6.4721 -15.0000
-0.5877 -0.8090 -15.0000
-0.8090 -0.5877 -15.0000
-0.8090 -0.5877 -15.0000
-0.5877 -0.8090 -15.0000
-0.5877 -0.8090 -2.0000
-0.8090 -0.5877 -2.0000
-0.8090 -0.5877 -2.0000
-0.5877 -0.8090 -2.0000
-3.5267 -4.8541 -1.0000
-4.8541 -3.5267 -1.0000
-4.8541 -3.5267 -1.0000
-3.5267 -4.8541 -1.0000
-4.7022 -6.4721 2.0000
-6.4721 -4.7022 2.0000
-6.4721 -4.7022 2.0000
-4.7022 -6.4721 2.0000
-8.2289 -11.3262 14.0000
-11.3262 -8.2289 14.0000
-11.3262 -8.2289 14.0000
-8.2289 -11.3262 14.0000
-7.6412 -10.5172 14.0000
-10.5172 -7.6412 14.0000
-10.5172 -7.6412 14.0000
-7.6412 -10.5172 14.0000
-4.1144 -5.6631 2.0000
-5.6631 -4.1144 2.0000
-5.6631 -4.1144 2.0000
-4.1144 -5.6631 2.0000
-2.9389 -4.0450 0.0000
-4.0450 -2.9389 0.0000
-4.0450 -2.9389 0.0000
-2.9389 -4.0450 0.0000
0.0000 0.0000 0.0000
0.0000 0.0000 0.0000
0.0000 0.0000 -16.0000
0.0000 0.0000 -16.0000
-2.4721 -7.6084 -16.0000
-4.7022 -6.4721 -16.0000
-4.7022 -6.4721 -16.0000
-2.4721 -7.6084 -16.0000
-2.4721 -7.6084 -15.0000
-4.7022 -6.4721 -15.0000
-4.7022 -6.4721 -15.0000
-2.4721 -7.6084 -15.0000
-0.3090 -0.9510 -15.0000
-0.5877 -0.8090 -15.0000
-0.5877 -0.8090 -15.0000
-0.3090 -0.9510 -15.0000
-0.3090 -0.9510 -2.0000
-0.5877 -0.8090 -2.0000
-0.5877 -0.8090 -2.0000
-0.3090 -0.9510 -2.0000
-1.8541 -5.7063 -1.0000
-3.5267 -4.8541 -1.0000
-3.5267 -4.8541 -1.0000
-1.8541 -5.7063 -1.0000
-2.4721 -7.6084 2.0000
-4.7022 -6.4721 2.0000
-4.7022 -6.4721 2.0000
-2.4721 -7.6084 2.0000
-4.3262 -13.3147 14.0000
-8.2289 -11.3262 14.0000
-8.2289 -11.3262 14.0000
-4.3262 -13.3147 14.0000
-4.0172 -12.3637 14.0000
-7.6412 -10.5172 14.0000
-7.6412 -10.5172 14.0000
-4.0172 -12.3637 14.0000
-2.1631 -6.6573 2.0000
-4.1144 -5.6631 2.0000
-4.1144 -5.6631 2.0000
-2.1631 -6.6573 2.0000
-1.5450 -4.7552 0.0000
-2.9389 -4.0450 0.0000
-2.9389 -4.0450 0.0000
-1.5450 -4.7552 0.0000
0.0000 0.0000 0.0000
0.0000 0.0000 0.0000
0.0000 0.0000 -16.0000
0.0000 0.0000 -16.0000
0.0000 -7.9999 -16.0000
-2.4721 -7.6084 -16.0000
-2.4721 -7.6084 -16.0000
0.0000 -7.9999 -16.0000
0.0000 -7.9999 -15.0000
-2.4721 -7.6084 -15.0000
-2.4721 -7.6084 -15.0000
0.0000 -7.9999 -15.0000
0.0000 -0.9999 -15.0000
-0.3090 -0.9510 -15.0000
-0.3090 -0.9510 -15.0000
0.0000 -0.9999 -15.0000
0.0000 -0.9999 -2.0000
-0.3090 -0.9510 -2.0000
-0.3090 -0.9510 -2.0000
0.0000 -0.9999 -2.0000
0.0000 -5.9999 -1.0000
-1.8541 -5.7063 -1.0000
-1.8541 -5.7063 -1.0000
0.0000 -5.9999 -1.0000
0.0000 -7.9999 2.0000
-2.4721 -7.6084 2.0000
-2.4721 -7.6084 2.0000
0.0000 -7.9999 2.0000
0.0000 -13.9999 14.0000
-4.3262 -13.3147 14.0000
-4.3262 -13.3147 14.0000
0.0000 -13.9999 14.0000
0.0000 -12.9999 14.0000
-4.0172 -12.3637 14.0000
-4.0172 -12.3637 14.0000
0.0000 -12.9999 14.0000
0.0000 -6.9999 2.0000
-2.1631 -6.6573 2.0000
-2.1631 -6.6573 2.0000
0.0000 -6.9999 2.0000
0.0000 -4.9999 0.0000
-1.5450 -4.7552 0.0000
-1.5450 -4.7552 0.0000
0.0000 -4.9999 0.0000
0.0000 0.0000 0.0000
0.0000 0.0000 0.0000
0.0000 0.0000 -16.0000
0.0000 0.0000 -16.0000
2.4721 -7.6084 -16.0000
0.0000 -7.9999 -16.0000
0.0000 -7.9999 -16.0000
2.4721 -7.6084 -16.0000
2.4721 -7.6084 -15.0000
0.0000 -7.9999 -15.0000
0.0000 -7.9999 -15.0000
2.4721 -7.6084 -15.0000
0.3090 -0.9510 -15.0000
0.0000 -0.9999 -15.0000
0.0000 -0.9999 -15.0000
0.3090 -0.9510 -15.0000
0.3090 -0.9510 -2.0000
0.0000 -0.9999 -2.0000
0.0000 -0.9999 -2.0000
0.3090 -0.9510 -2.0000
1.8541 -5.7063 -1.0000
0.0000 -5.9999 -1.0000
0.0000 -5.9999 -1.0000
1.8541 -5.7063 -1.0000
2.4721 -7.6084 2.0000
0.0000 -7.9999 2.0000
0.0000 -7.9999 2.0000
2.4721 -7.6084 2.0000
4.3262 -13.3147 14.0000
0.0000 -13.9999 14.0000
0.0000 -13.9999 14.0000
4.3262 -13.3147 14.0000
4.0172 -12.3637 14.0000
0.0000 -12.9999 14.0000
0.0000 -12.9999 14.0000
4.0172 -12.3637 14.0000
2.1631 -6.6573 2.0000
0.0000 -6.9999 2.0000
0.0000 -6.9999 2.0000
2.1631 -6.6573 2.0000
1.5450 -4.7552 0.0000
0.0000 -4.9999 0.0000
0.0000 -4.9999 0.0000
1.5450 -4.7552 0.0000
0.0000 0.0000 0.0000
0.0000 0.0000 0.0000
0.0000 0.0000 -16.0000
0.0000 0.0000 -16.0000
4.7022 -6.4721 -16.0000
2.4721 -7.6084 -16.0000
2.4721 -7.6084 -16.0000
4.7022 -6.4721 -16.0000
4.7022 -6.4721 -15.0000
2.4721 -7.6084 -15.0000
2.4721 -7.6084 -15.0000
4.7022 -6.4721 -15.0000
0.5877 -0.8090 -15.0000
0.3090 -0.9510 -15.0000
0.3090 -0.9510 -15.0000
0.5877 -0.8090 -15.0000
0.5877 -0.8090 -2.0000
0.3090 -0.9510 -2.0000
0.3090 -0.9510 -2.0000
0.5877 -0.8090 -2.0000
3.5267 -4.8541 -1.0000
1.8541 -5.7063 -1.0000
1.8541 -5.7063 -1.0000
3.5267 -4.8541 -1.0000
4.7022 -6.4721 2.0000
2.4721 -7.6084 2.0000
2.4721 -7.6084 2.0000
4.7022 -6.4721 2.0000
8.2289 -11.3262 14.0000
4.3262 -13.3147 14.0000
4.3262 -13.3147 14.0000
8.2289 -11.3262 14.0000
7.6412 -10.5172 14.0000
4.0172 -12.3637 14.0000
4.0172 -12.3637 14.0000
7.6412 -10.5172 14.0000
4.1144 -5.6631 2.0000
2.1631 -6.6573 2.0000
2.1631 -6.6573 2.0000
4.1144 -5.6631 2.0000
2.9389 -4.0450 0.0000
1.5450 -4.7552 0.0000
1.5450 -4.7552 0.0000
2.9389 -4.0450 0.0000
0.0000 0.0000 0.0000
0.0000 0.0000 0.0000
0.0000 0.0000 -16.0000
0.0000 0.0000 -16.0000
6.4721 -4.7022 -16.0000
4.7022 -6.4721 -16.0000
4.7022 -6.4721 -16.0000
6.4721 -4.7022 -16.0000
6.4721 -4.7022 -15.0000
4.7022 -6.4721 -15.0000
4.7022 -6.4721 -15.0000
6.4721 -4.7022 -15.0000
0.8090 -0.5877 -15.0000
0.5877 -0.8090 -15.0000
0.5877 -0.8090 -15.0000
0.8090 -0.5877 -15.0000
0.8090 -0.5877 -2.0000
0.5877 -0.8090 -2.0000
0.5877 -0.8090 -2.0000
0.8090 -0.5877 -2.0000
4.8541 -3.5267 -1.0000
3.5267 -4.8541 -1.0000
3.5267 -4.8541 -1.0000
4.8541 -3.5267 -1.0000
6.4721 -4.7022 2.0000
4.7022 -6.4721 2.0000
4.7022 -6.4721 2.0000
6.4721 -4.7022 2.0000
11.3262 -8.2289 14.0000
8.2289 -11.3262 14.0000
8.2289 -11.3262 14.0000
11.3262 -8.2289 14.0000
10.5172 -7.6412 14.0000
7.6412 -10.5172 14.0000
7.6412 -10.5172 14.0000
10.5172 -7.6412 14.0000
5.6631 -4.1144 2.0000
4.1144 -5.6631 2.0000
4.1144 -5.6631 2.0000
5.6631 -4.1144 2.0000
4.0450 -2.9389 0.0000
2.9389 -4.0450 0.0000
2.9389 -4.0450 0.0000
4.0450 -2.9389 0.0000
0.0000 0.0000 0.0000
0.0000 0.0000 0.0000
0.0000 0.0000 -16.0000
0.0000 0.0000 -16.0000
7.6084 -2.4721 -16.0000
6.4721 -4.7022 -16.0000
6.4721 -4.7022 -16.0000
7.6084 -2.4721 -16.0000
7.6084 -2.4721 -15.0000
6.4721 -4.7022 -15.0000
6.4721 -4.7022 -15.0000
7.6084 -2.4721 -15.0000
0.9510 -0.3090 -15.0000
0.8090 -0.5877 -15.0000
0.8090 -0.5877 -15.0000
0.9510 -0.3090 -15.0000
0.9510 -0.3090 -2.0000
0.8090 -0.5877 -2.0000
0.8090 -0.5877 -2.0000
0.9510 -0.3090 -2.0000
5.7063 -1.8541 -1.0000
4.8541 -3.5267 -1.0000
4.8541 -3.5267 -1.0000
5.7063 -1.8541 -1.0000
7.6084 -2.4721 2.0000
6.4721 -4.7022 2.0000
6.4721 -4.7022 2.0000
7.6084 -2.4721 2.0000
13.3147 -4.3262 14.0000
11.3262 -8.2289 14.0000
11.3262 -8.2289 14.0000
13.3147 -4.3262 14.0000
12.3637 -4.0172 14.0000
10.5172 -7.6412 14.0000
10.5172 -7.6412 14.0000
12.3637 -4.0172 14.0000
6.6573 -2.1631 2.0000
5.6631 -4.1144 2.0000
5.6631 -4.1144 2.0000
6.6573 -2.1631 2.0000
4.7552 -1.5450 0.0000
4.0450 -2.9389 0.0000
4.0450 -2.9389 0.0000
4.7552 -1.5450 0.0000
0.0000 0.0000 0.0000
0.0000 0.0000 0.0000
0.0000 0.0000 -16.0000
0.0000 0.0000 -16.0000
7.9999 0.0000 -16.0000
7.6084 -2.4721 -16.0000
7.6084 -2.4721 -16.0000
7.9999 0.0000 -16.0000
7.9999 0.0000 -15.0000
7.6084 -2.4721 -15.0000
7.6084 -2.4721 -15.0000
7.9999 0.0000 -15.0000
0.9999 0.0000 -15.0000
0.9510 -0.3090 -15.0000
0.9510 -0.3090 -15.0000
0.9999 0.0000 -15.0000
0.9999 0.0000 -2.0000
0.9510 -0.3090 -2.0000
0.9510 -0.3090 -2.0000
0.9999 0.0000 -2.0000
5.9999 0.0000 -1.0000
5.7063 -1.8541 -1.0000
5.7063 -1.8541 -1.0000
5.9999 0.0000 -1.0000
7.9999 0.0000 2.0000
7.6084 -2.4721 2.0000
7.6084 -2.4721 2.0000
7.9999 0.0000 2.0000
13.9999 0.0000 14.0000
13.3147 -4.3262 14.0000
13.3147 -4.3262 14.0000
13.9999 0.0000 14.0000
12.9999 0.0000 14.0000
12.3637 -4.0172 14.0000
12.3637 -4.0172 14.0000
12.9999 0.0000 14.0000
6.9999 0.0000 2.0000
6.6573 -2.1631 2.0000
6.6573 -2.1631 2.0000
6.9999 0.0000 2.0000
4.9999 0.0000 0.0000
4.7552 -1.5450 0.0000
4.7552 -1.5450 0.0000
4.9999 0.0000 0.0000
0.0000 0.0000 0.0000
0.0000 0.0000 0.0000
0.0000 0.0000 -16.0000
0.0000 0.0000 -16.0000
7.6084 2.4721 -16.0000
7.9999 0.0000 -16.0000
7.9999 0.0000 -16.0000
7.6084 2.4721 -16.0000
7.6084 2.4721 -15.0000
7.9999 0.0000 -15.0000
7.9999 0.0000 -15.0000
7.6084 2.4721 -15.0000
0.9510 0.3090 -15.0000
0.9999 0.0000 -15.0000
0.9999 0.0000 -15.0000
0.9510 0.3090 -15.0000
0.9510 0.3090 -2.0000
0.9999 0.0000 -2.0000
0.9999 0.0000 -2.0000
0.9510 0.3090 -2.0000
5.7063 1.8541 -1.0000
5.9999 0.0000 -1.0000
5.9999 0.0000 -1.0000
5.7063 1.8541 -1.0000
7.6084 2.4721 2.0000
7.9999 0.0000 2.0000
7.9999 0.0000 2.0000
7.6084 2.4721 2.0000
13.3147 4.3262 14.0000
13.9999 0.0000 14.0000
13.9999 0.0000 14.0000
13.3147 4.3262 14.0000
12.3637 4.0172 14.0000
12.9999 0.0000 14.0000
12.9999 0.0000 14.0000
12.3637 4.0172 14.0000
6.6573 2.1631 2.0000
6.9999 0.0000 2.0000
6.9999 0.0000 2.0000
6.6573 2.1631 2.0000
4.7552 1.5450 0.0000
4.9999 0.0000 0.0000
4.9999 0.0000 0.0000
4.7552 1.5450 0.0000
0.0000 0.0000 0.0000
0.0000 0.0000 0.0000
0.0000 0.0000 -16.0000
0.0000 0.0000 -16.0000
6.4721 4.7022 -16.0000
7.6084 2.4721 -16.0000
7.6084 2.4721 -16.0000
6.4721 4.7022 -16.0000
6.4721 4.7022 -15.0000
7.6084 2.4721 -15.0000
7.6084 2.4721 -15.0000
6.4721 4.7022 -15.0000
0.8090 0.5877 -15.0000
0.9510 0.3090 -15.0000
0.9510 0.3090 -15.0000
0.8090 0.5877 -15.0000
0.8090 0.5877 -2.0000
0.9510 0.3090 -2.0000
0.9510 0.3090 -2.0000
0.8090 0.5877 -2.0000
4.8541 3.5267 -1.0000
5.7063 1.8541 -1.0000
5.7063 1.8541 -1.0000
4.8541 3.5267 -1.0000
6.4721 4.7022 2.0000
7.6084 2.4721 2.0000
7.6084 2.4721 2.0000
6.4721 4.7022 2.0000
11.3262 8.2289 14.0000
13.3147 4.3262 14.0000
13.3147 4.3262 14.0000
11.3262 8.2289 14.0000
10.5172 7.6412 14.0000
12.3637 4.0172 14.0000
12.3637 4.0172 14.0000
10.5172 7.6412 14.0000
5.6631 4.1144 2.0000
6.6573 2.1631 2.0000
6.6573 2.1631 2.0000
5.6631 4.1144 2.0000
4.0450 2.9389 0.0000
4.7552 1.5450 0.0000
4.7552 1.5450 0.0000
4.0450 2.9389 0.0000
0.0000 0.0000 0.0000
0.0000 0.0000 0.0000
0.0000 0.0000 -16.0000
0.0000 0.0000 -16.0000
4.7022 6.4721 -16.0000
6.4721 4.7022 -16.0000
6.4721 4.7022 -16.0000
4.7022 6.4721 -16.0000
4.7022 6.4721 -15.0000
6.4721 4.7022 -15.0000
6.4721 4.7022 -15.0000
4.7022 6.4721 -15.0000
0.5877 0.8090 -15.0000
0.8090 0.5877 -15.0000
0.8090 0.5877 -15.0000
0.5877 0.8090 -15.0000
0.5877 0.8090 -2.0000
0.8090 0.5877 -2.0000
0.8090 0.5877 -2.0000
0.5877 0.8090 -2.0000
3.5267 4.8541 -1.0000
4.8541 3.5267 -1.0000
4.8541 3.5267 -1.0000
3.5267 4.8541 -1.0000
4.7022 6.4721 2.0000
6.4721 4.7022 2.0000
6.4721 4.7022 2.0000
4.7022 6.4721 2.0000
8.2290 11.3262 14.0000
11.3262 8.2289 14.0000
11.3262 8.2289 14.0000
8.2290 11.3262 14.0000
7.6412 10.5172 14.0000
10.5172 7.6412 14.0000
10.5172 7.6412 14.0000
7.6412 10.5172 14.0000
4.1145 5.6631 2.0000
5.6631 4.1144 2.0000
5.6631 4.1144 2.0000
4.1145 5.6631 2.0000
2.9389 4.0450 0.0000
4.0450 2.9389 0.0000
4.0450 2.9389 0.0000
2.9389 4.0450 0.0000
0.0000 0.0000 0.0000
0.0000 0.0000 0.0000
0.0000 0.0000 -16.0000
0.0000 0.0000 -16.0000
2.4721 7.6084 -16.0000
4.7022 6.4721 -16.0000
4.7022 6.4721 -16.0000
2.4721 7.6084 -16.0000
2.4721 7.6084 -15.0000
4.7022 6.4721 -15.0000
4.7022 6.4721 -15.0000
2.4721 7.6084 -15.0000
0.3090 0.9510 -15.0000
0.5877 0.8090 -15.0000
0.5877 0.8090 -15.0000
0.3090 0.9510 -15.0000
0.3090 0.9510 -2.0000
0.5877 0.8090 -2.0000
0.5877 0.8090 -2.0000
0.3090 0.9510 -2.0000
1.8541 5.7063 -1.0000
3.5267 4.8541 -1.0000
3.5267 4.8541 -1.0000
1.8541 5.7063 -1.0000
2.4721 7.6084 2.0000
4.7022 6.4721 2.0000
4.7022 6.4721 2.0000
2.4721 7.6084 2.0000
4.3262 13.3147 14.0000
8.2290 11.3262 14.0000
8.2290 11.3262 14.0000
4.3262 13.3147 14.0000
4.0172 12.3637 14.0000
7.6412 10.5172 14.0000
7.6412 10.5172 14.0000
4.0172 12.3637 14.0000
2.1631 6.6573 2.0000
4.1145 5.6631 2.0000
4.1145 5.6631 2.0000
2.1631 6.6573 2.0000
1.5450 4.7552 0.0000
2.9389 4.0450 0.0000
2.9389 4.0450 0.0000
1.5450 4.7552 0.0000
0.0000 0.0000 0.0000
0.0000 0.0000 0.0000
0.0000 0.0000 -16.0000
0.0000 0.0000 -16.0000
0.0000 8.0000 -16.0000
2.4721 7.6084 -16.0000
2.4721 7.6084 -16.0000
0.0000 8.0000 -16.0000
0.0000 8.0000 -15.0000
2.4721 7.6084 -15.0000
2.4721 7.6084 -15.0000
0.0000 8.0000 -15.0000
0.0000 1.0000 -15.0000
0.3090 0.9510 -15.0000
0.3090 0.9510 -15.0000
0.0000 1.0000 -15.0000
0.0000 1.0000 -2.0000
0.3090 0.9510 -2.0000
0.3090 0.9510 -2.0000
0.0000 1.0000 -2.0000
0.0000 6.0000 -1.0000
1.8541 5.7063 -1.0000
1.8541 5.7063 -1.0000
0.0000 6.0000 -1.0000
0.0000 8.0000 2.0000
2.4721 7.6084 2.0000
2.4721 7.6084 2.0000
0.0000 8.0000 2.0000
0.0000 14.0000 14.0000
4.3262 13.3147 14.0000
4.3262 13.3147 14.0000
0.0000 14.0000 14.0000
0.0000 13.0000 14.0000
4.0172 12.3637 14.0000
4.0172 12.3637 14.0000
0.0000 13.0000 14.0000
0.0000 7.0000 2.0000
2.1631 6.6573 2.0000
2.1631 6.6573 2.0000
0.0000 7.0000 2.0000
0.0000 5.0000 0.0000
1.5450 4.7552 0.0000
1.5450 4.7552 0.0000
0.0000 5.0000 0.0000
0.0000 0.0000 0.0000
0.0000 0.0000 0.0000
