1 640 480 2

1 0 0 500 500
200 40
100 30

8

1
C:/Dibujo_3D/Utah.teapot
0
0.1 0.1 0.1
1.0 0.85 0.6
0.5 0.5 0.4
10
25.0 25.0 25.0
0.0 0.0 0.0
0.0 0.0 0.0

0
C:/Dibujo_3D/Cubo
0
0.1 0.1 0.1
1.0 1.0 1.0
0.5 0.5 0.5
10
100.0 100.0 10.0
0.0 0.0 0.0
0.0 0.0 10.0

0
C:/Dibujo_3D/Cubo
0
0.1 0.1 0.1
1.0 1.0 1.0
0.5 0.5 0.5
10
10.0 10.0 50.0
0.0 0.0 0.0
-90.0 -90.0 70.0

0
C:/Dibujo_3D/Cubo
0
0.1 0.1 0.1
1.0 1.0 1.0
0.5 0.5 0.5
10
10.0 10.0 50.0
0.0 0.0 0.0
90.0 90.0 70.0

0
C:/Dibujo_3D/Cubo
0
0.1 0.1 0.1
1.0 1.0 1.0
0.5 0.5 0.5
10
10.0 10.0 50.0
0.0 0.0 0.0
-90.0 90.0 70.0

0
C:/Dibujo_3D/Cubo
0
0.1 0.1 0.1
1.0 1.0 1.0
0.5 0.5 0.5
10
10.0 10.0 50.0
0.0 0.0 0.0
90.0 -90.0 70.0

0
C:/Dibujo_3D/Plano
0
0.1 0.1 0.1
0.0 0.0 1.0
0.0 0.0 0.5
10
150.0 150.0 150.0
0.0 0.0 0.0
0.0 0.0 120.0

0
C:/Dibujo_3D/Plano
0
0.1 0.1 0.1
0.0 0.0 1.0
0.0 0.5 0.5
10
150.0 150.0 150.0
90.0 0.0 0.0
0.0 150.0 -30.0
