Esfera
400
0.1564 0.0000 0.9876
0.1487 0.0483 0.9876
0.0000 0.0000 0.9999
0.0000 0.0000 0.9999
0.1487 0.0483 0.9876
0.1265 0.0919 0.9876
0.0000 0.0000 0.9999
0.0000 0.0000 0.9999
0.1265 0.0919 0.9876
0.0919 0.1265 0.9876
0.0000 0.0000 0.9999
0.0000 0.0000 0.9999
0.0919 0.1265 0.9876
0.0483 0.1487 0.9876
0.0000 0.0000 0.9999
0.0000 0.0000 0.9999
0.0483 0.1487 0.9876
0.0000 0.1564 0.9876
0.0000 0.0000 0.9999
0.0000 0.0000 0.9999
0.0000 0.1564 0.9876
-0.0483 0.1487 0.9876
0.0000 0.0000 0.9999
0.0000 0.0000 0.9999
-0.0483 0.1487 0.9876
-0.0919 0.1265 0.9876
0.0000 0.0000 0.9999
0.0000 0.0000 0.9999
-0.0919 0.1265 0.9876
-0.1265 0.0919 0.9876
0.0000 0.0000 0.9999
0.0000 0.0000 0.9999
-0.1265 0.0919 0.9876
-0.1487 0.0483 0.9876
0.0000 0.0000 0.9999
0.0000 0.0000 0.9999
-0.1487 0.0483 0.9876
-0.1564 0.0000 0.9876
0.0000 0.0000 0.9999
0.0000 0.0000 0.9999
-0.1564 0.0000 0.9876
-0.1487 -0.0483 0.9876
0.0000 0.0000 0.9999
0.0000 0.0000 0.9999
-0.1487 -0.0483 0.9876
-0.1265 -0.0919 0.9876
0.0000 0.0000 0.9999
0.0000 0.0000 0.9999
-0.1265 -0.0919 0.9876
-0.0919 -0.1265 0.9876
0.0000 0.0000 0.9999
0.0000 0.0000 0.9999
-0.0919 -0.1265 0.9876
-0.0483 -0.1487 0.9876
0.0000 0.0000 0.9999
0.0000 0.0000 0.9999
-0.0483 -0.1487 0.9876
0.0000 -0.1564 0.9876
0.0000 0.0000 0.9999
0.0000 0.0000 0.9999
0.0000 -0.1564 0.9876
0.0483 -0.1487 0.9876
0.0000 0.0000 0.9999
0.0000 0.0000 0.9999
0.0483 -0.1487 0.9876
0.0919 -0.1265 0.9876
0.0000 0.0000 0.9999
0.0000 0.0000 0.9999
0.0919 -0.1265 0.9876
0.1265 -0.0919 0.9876
0.0000 0.0000 0.9999
0.0000 0.0000 0.9999
0.1265 -0.0919 0.9876
0.1487 -0.0483 0.9876
0.0000 0.0000 0.9999
0.0000 0.0000 0.9999
0.1487 -0.0483 0.9876
0.1564 0.0000 0.9876
0.0000 0.0000 0.9999
0.0000 0.0000 0.9999
0.3090 0.0000 0.9510
0.2938 0.0954 0.9510
0.1487 0.0483 0.9876
0.1564 0.0000 0.9876
0.2938 0.0954 0.9510
0.2500 0.1816 0.9510
0.1265 0.0919 0.9876
0.1487 0.0483 0.9876
0.2500 0.1816 0.9510
0.1816 0.2499 0.9510
0.0919 0.1265 0.9876
0.1265 0.0919 0.9876
0.1816 0.2499 0.9510
0.0954 0.2938 0.9510
0.0483 0.1487 0.9876
0.0919 0.1265 0.9876
0.0954 0.2938 0.9510
0.0000 0.3090 0.9510
0.0000 0.1564 0.9876
0.0483 0.1487 0.9876
0.0000 0.3090 0.9510
-0.0954 0.2938 0.9510
-0.0483 0.1487 0.9876
0.0000 0.1564 0.9876
-0.0954 0.2938 0.9510
-0.1816 0.2500 0.9510
-0.0919 0.1265 0.9876
-0.0483 0.1487 0.9876
-0.1816 0.2500 0.9510
-0.2499 0.1816 0.9510
-0.1265 0.0919 0.9876
-0.0919 0.1265 0.9876
-0.2499 0.1816 0.9510
-0.2938 0.0954 0.9510
-0.1487 0.0483 0.9876
-0.1265 0.0919 0.9876
-0.2938 0.0954 0.9510
-0.3090 0.0000 0.9510
-0.1564 0.0000 0.9876
-0.1487 0.0483 0.9876
-0.3090 0.0000 0.9510
-0.2938 -0.0954 0.9510
-0.1487 -0.0483 0.9876
-0.1564 0.0000 0.9876
-0.2938 -0.0954 0.9510
-0.2500 -0.1816 0.9510
-0.1265 -0.0919 0.9876
-0.1487 -0.0483 0.9876
-0.2500 -0.1816 0.9510
-0.1816 -0.2499 0.9510
-0.0919 -0.1265 0.9876
-0.1265 -0.0919 0.9876
-0.1816 -0.2499 0.9510
-0.0954 -0.2938 0.9510
-0.0483 -0.1487 0.9876
-0.0919 -0.1265 0.9876
-0.0954 -0.2938 0.9510
0.0000 -0.3090 0.9510
0.0000 -0.1564 0.9876
-0.0483 -0.1487 0.9876
0.0000 -0.3090 0.9510
0.0954 -0.2938 0.9510
0.0483 -0.1487 0.9876
0.0000 -0.1564 0.9876
0.0954 -0.2938 0.9510
0.1816 -0.2500 0.9510
0.0919 -0.1265 0.9876
0.0483 -0.1487 0.9876
0.1816 -0.2500 0.9510
0.2499 -0.1816 0.9510
0.1265 -0.0919 0.9876
0.0919 -0.1265 0.9876
0.2499 -0.1816 0.9510
0.2938 -0.0954 0.9510
0.1487 -0.0483 0.9876
0.1265 -0.0919 0.9876
0.2938 -0.0954 0.9510
0.3090 0.0000 0.9510
0.1564 0.0000 0.9876
0.1487 -0.0483 0.9876
0.4539 0.0000 0.8910
0.4317 0.1402 0.8910
0.2938 0.0954 0.9510
0.3090 0.0000 0.9510
0.4317 0.1402 0.8910
0.3672 0.2668 0.8910
0.2500 0.1816 0.9510
0.2938 0.0954 0.9510
0.3672 0.2668 0.8910
0.2668 0.3672 0.8910
0.1816 0.2499 0.9510
0.2500 0.1816 0.9510
0.2668 0.3672 0.8910
0.1402 0.4317 0.8910
0.0954 0.2938 0.9510
0.1816 0.2499 0.9510
0.1402 0.4317 0.8910
0.0000 0.4539 0.8910
0.0000 0.3090 0.9510
0.0954 0.2938 0.9510
0.0000 0.4539 0.8910
-0.1402 0.4317 0.8910
-0.0954 0.2938 0.9510
0.0000 0.3090 0.9510
-0.1402 0.4317 0.8910
-0.2668 0.3672 0.8910
-0.1816 0.2500 0.9510
-0.0954 0.2938 0.9510
-0.2668 0.3672 0.8910
-0.3672 0.2668 0.8910
-0.2499 0.1816 0.9510
-0.1816 0.2500 0.9510
-0.3672 0.2668 0.8910
-0.4317 0.1402 0.8910
-0.2938 0.0954 0.9510
-0.2499 0.1816 0.9510
-0.4317 0.1402 0.8910
-0.4539 0.0000 0.8910
-0.3090 0.0000 0.9510
-0.2938 0.0954 0.9510
-0.4539 0.0000 0.8910
-0.4317 -0.1402 0.8910
-0.2938 -0.0954 0.9510
-0.3090 0.0000 0.9510
-0.4317 -0.1402 0.8910
-0.3672 -0.2668 0.8910
-0.2500 -0.1816 0.9510
-0.2938 -0.0954 0.9510
-0.3672 -0.2668 0.8910
-0.2668 -0.3672 0.8910
-0.1816 -0.2499 0.9510
-0.2500 -0.1816 0.9510
-0.2668 -0.3672 0.8910
-0.1402 -0.4317 0.8910
-0.0954 -0.2938 0.9510
-0.1816 -0.2499 0.9510
-0.1402 -0.4317 0.8910
0.0000 -0.4539 0.8910
0.0000 -0.3090 0.9510
-0.0954 -0.2938 0.9510
0.0000 -0.4539 0.8910
0.1402 -0.4317 0.8910
0.0954 -0.2938 0.9510
0.0000 -0.3090 0.9510
0.1402 -0.4317 0.8910
0.2668 -0.3672 0.8910
0.1816 -0.2500 0.9510
0.0954 -0.2938 0.9510
0.2668 -0.3672 0.8910
0.3672 -0.2668 0.8910
0.2499 -0.1816 0.9510
0.1816 -0.2500 0.9510
0.3672 -0.2668 0.8910
0.4317 -0.1402 0.8910
0.2938 -0.0954 0.9510
0.2499 -0.1816 0.9510
0.4317 -0.1402 0.8910
0.4539 0.0000 0.8910
0.3090 0.0000 0.9510
0.2938 -0.0954 0.9510
0.5877 0.0000 0.8090
0.5590 0.1816 0.8090
0.4317 0.1402 0.8910
0.4539 0.0000 0.8910
0.5590 0.1816 0.8090
0.4755 0.3454 0.8090
0.3672 0.2668 0.8910
0.4317 0.1402 0.8910
0.4755 0.3454 0.8090
0.3454 0.4755 0.8090
0.2668 0.3672 0.8910
0.3672 0.2668 0.8910
0.3454 0.4755 0.8090
0.1816 0.5590 0.8090
0.1402 0.4317 0.8910
0.2668 0.3672 0.8910
0.1816 0.5590 0.8090
0.0000 0.5877 0.8090
0.0000 0.4539 0.8910
0.1402 0.4317 0.8910
0.0000 0.5877 0.8090
-0.1816 0.5590 0.8090
-0.1402 0.4317 0.8910
0.0000 0.4539 0.8910
-0.1816 0.5590 0.8090
-0.3454 0.4755 0.8090
-0.2668 0.3672 0.8910
-0.1402 0.4317 0.8910
-0.3454 0.4755 0.8090
-0.4755 0.3454 0.8090
-0.3672 0.2668 0.8910
-0.2668 0.3672 0.8910
-0.4755 0.3454 0.8090
-0.5590 0.1816 0.8090
-0.4317 0.1402 0.8910
-0.3672 0.2668 0.8910
-0.5590 0.1816 0.8090
-0.5877 0.0000 0.8090
-0.4539 0.0000 0.8910
-0.4317 0.1402 0.8910
-0.5877 0.0000 0.8090
-0.5590 -0.1816 0.8090
-0.4317 -0.1402 0.8910
-0.4539 0.0000 0.8910
-0.5590 -0.1816 0.8090
-0.4755 -0.3454 0.8090
-0.3672 -0.2668 0.8910
-0.4317 -0.1402 0.8910
-0.4755 -0.3454 0.8090
-0.3454 -0.4755 0.8090
-0.2668 -0.3672 0.8910
-0.3672 -0.2668 0.8910
-0.3454 -0.4755 0.8090
-0.1816 -0.5590 0.8090
-0.1402 -0.4317 0.8910
-0.2668 -0.3672 0.8910
-0.1816 -0.5590 0.8090
0.0000 -0.5877 0.8090
0.0000 -0.4539 0.8910
-0.1402 -0.4317 0.8910
0.0000 -0.5877 0.8090
0.1816 -0.5590 0.8090
0.1402 -0.4317 0.8910
0.0000 -0.4539 0.8910
0.1816 -0.5590 0.8090
0.3454 -0.4755 0.8090
0.2668 -0.3672 0.8910
0.1402 -0.4317 0.8910
0.3454 -0.4755 0.8090
0.4755 -0.3454 0.8090
0.3672 -0.2668 0.8910
0.2668 -0.3672 0.8910
0.4755 -0.3454 0.8090
0.5590 -0.1816 0.8090
0.4317 -0.1402 0.8910
0.3672 -0.2668 0.8910
0.5590 -0.1816 0.8090
0.5877 0.0000 0.8090
0.4539 0.0000 0.8910
0.4317 -0.1402 0.8910
0.7071 0.0000 0.7071
0.6724 0.2185 0.7071
0.5590 0.1816 0.8090
0.5877 0.0000 0.8090
0.6724 0.2185 0.7071
0.5720 0.4156 0.7071
0.4755 0.3454 0.8090
0.5590 0.1816 0.8090
0.5720 0.4156 0.7071
0.4156 0.5720 0.7071
0.3454 0.4755 0.8090
0.4755 0.3454 0.8090
0.4156 0.5720 0.7071
0.2185 0.6724 0.7071
0.1816 0.5590 0.8090
0.3454 0.4755 0.8090
0.2185 0.6724 0.7071
0.0000 0.7071 0.7071
0.0000 0.5877 0.8090
0.1816 0.5590 0.8090
0.0000 0.7071 0.7071
-0.2185 0.6724 0.7071
-0.1816 0.5590 0.8090
0.0000 0.5877 0.8090
-0.2185 0.6724 0.7071
-0.4156 0.5720 0.7071
-0.3454 0.4755 0.8090
-0.1816 0.5590 0.8090
-0.4156 0.5720 0.7071
-0.5720 0.4156 0.7071
-0.4755 0.3454 0.8090
-0.3454 0.4755 0.8090
-0.5720 0.4156 0.7071
-0.6724 0.2185 0.7071
-0.5590 0.1816 0.8090
-0.4755 0.3454 0.8090
-0.6724 0.2185 0.7071
-0.7071 0.0000 0.7071
-0.5877 0.0000 0.8090
-0.5590 0.1816 0.8090
-0.7071 0.0000 0.7071
-0.6724 -0.2185 0.7071
-0.5590 -0.1816 0.8090
-0.5877 0.0000 0.8090
-0.6724 -0.2185 0.7071
-0.5720 -0.4156 0.7071
-0.4755 -0.3454 0.8090
-0.5590 -0.1816 0.8090
-0.5720 -0.4156 0.7071
-0.4156 -0.5720 0.7071
-0.3454 -0.4755 0.8090
-0.4755 -0.3454 0.8090
-0.4156 -0.5720 0.7071
-0.2185 -0.6724 0.7071
-0.1816 -0.5590 0.8090
-0.3454 -0.4755 0.8090
-0.2185 -0.6724 0.7071
0.0000 -0.7071 0.7071
0.0000 -0.5877 0.8090
-0.1816 -0.5590 0.8090
0.0000 -0.7071 0.7071
0.2185 -0.6724 0.7071
0.1816 -0.5590 0.8090
0.0000 -0.5877 0.8090
0.2185 -0.6724 0.7071
0.4156 -0.5720 0.7071
0.3454 -0.4755 0.8090
0.1816 -0.5590 0.8090
0.4156 -0.5720 0.7071
0.5720 -0.4156 0.7071
0.4755 -0.3454 0.8090
0.3454 -0.4755 0.8090
0.5720 -0.4156 0.7071
0.6724 -0.2185 0.7071
0.5590 -0.1816 0.8090
0.4755 -0.3454 0.8090
0.6724 -0.2185 0.7071
0.7071 0.0000 0.7071
0.5877 0.0000 0.8090
0.5590 -0.1816 0.8090
0.8090 0.0000 0.5877
0.7694 0.2499 0.5877
0.6724 0.2185 0.7071
0.7071 0.0000 0.7071
0.7694 0.2499 0.5877
0.6545 0.4755 0.5877
0.5720 0.4156 0.7071
0.6724 0.2185 0.7071
0.6545 0.4755 0.5877
0.4755 0.6545 0.5877
0.4156 0.5720 0.7071
0.5720 0.4156 0.7071
0.4755 0.6545 0.5877
0.2500 0.7694 0.5877
0.2185 0.6724 0.7071
0.4156 0.5720 0.7071
0.2500 0.7694 0.5877
0.0000 0.8090 0.5877
0.0000 0.7071 0.7071
0.2185 0.6724 0.7071
0.0000 0.8090 0.5877
-0.2500 0.7694 0.5877
-0.2185 0.6724 0.7071
0.0000 0.7071 0.7071
-0.2500 0.7694 0.5877
-0.4755 0.6545 0.5877
-0.4156 0.5720 0.7071
-0.2185 0.6724 0.7071
-0.4755 0.6545 0.5877
-0.6545 0.4755 0.5877
-0.5720 0.4156 0.7071
-0.4156 0.5720 0.7071
-0.6545 0.4755 0.5877
-0.7694 0.2500 0.5877
-0.6724 0.2185 0.7071
-0.5720 0.4156 0.7071
-0.7694 0.2500 0.5877
-0.8090 0.0000 0.5877
-0.7071 0.0000 0.7071
-0.6724 0.2185 0.7071
-0.8090 0.0000 0.5877
-0.7694 -0.2500 0.5877
-0.6724 -0.2185 0.7071
-0.7071 0.0000 0.7071
-0.7694 -0.2500 0.5877
-0.6545 -0.4755 0.5877
-0.5720 -0.4156 0.7071
-0.6724 -0.2185 0.7071
-0.6545 -0.4755 0.5877
-0.4755 -0.6545 0.5877
-0.4156 -0.5720 0.7071
-0.5720 -0.4156 0.7071
-0.4755 -0.6545 0.5877
-0.2500 -0.7694 0.5877
-0.2185 -0.6724 0.7071
-0.4156 -0.5720 0.7071
-0.2500 -0.7694 0.5877
0.0000 -0.8090 0.5877
0.0000 -0.7071 0.7071
-0.2185 -0.6724 0.7071
0.0000 -0.8090 0.5877
0.2499 -0.7694 0.5877
0.2185 -0.6724 0.7071
0.0000 -0.7071 0.7071
0.2499 -0.7694 0.5877
0.4755 -0.6545 0.5877
0.4156 -0.5720 0.7071
0.2185 -0.6724 0.7071
0.4755 -0.6545 0.5877
0.6545 -0.4755 0.5877
0.5720 -0.4156 0.7071
0.4156 -0.5720 0.7071
0.6545 -0.4755 0.5877
0.7694 -0.2500 0.5877
0.6724 -0.2185 0.7071
0.5720 -0.4156 0.7071
0.7694 -0.2500 0.5877
0.8090 0.0000 0.5877
0.7071 0.0000 0.7071
0.6724 -0.2185 0.7071
0.8910 0.0000 0.4539
0.8473 0.2753 0.4539
0.7694 0.2499 0.5877
0.8090 0.0000 0.5877
0.8473 0.2753 0.4539
0.7208 0.5237 0.4539
0.6545 0.4755 0.5877
0.7694 0.2499 0.5877
0.7208 0.5237 0.4539
0.5237 0.7208 0.4539
0.4755 0.6545 0.5877
0.6545 0.4755 0.5877
0.5237 0.7208 0.4539
0.2753 0.8473 0.4539
0.2500 0.7694 0.5877
0.4755 0.6545 0.5877
0.2753 0.8473 0.4539
0.0000 0.8910 0.4539
0.0000 0.8090 0.5877
0.2500 0.7694 0.5877
0.0000 0.8910 0.4539
-0.2753 0.8473 0.4539
-0.2500 0.7694 0.5877
0.0000 0.8090 0.5877
-0.2753 0.8473 0.4539
-0.5237 0.7208 0.4539
-0.4755 0.6545 0.5877
-0.2500 0.7694 0.5877
-0.5237 0.7208 0.4539
-0.7208 0.5237 0.4539
-0.6545 0.4755 0.5877
-0.4755 0.6545 0.5877
-0.7208 0.5237 0.4539
-0.8473 0.2753 0.4539
-0.7694 0.2500 0.5877
-0.6545 0.4755 0.5877
-0.8473 0.2753 0.4539
-0.8910 0.0000 0.4539
-0.8090 0.0000 0.5877
-0.7694 0.2500 0.5877
-0.8910 0.0000 0.4539
-0.8473 -0.2753 0.4539
-0.7694 -0.2500 0.5877
-0.8090 0.0000 0.5877
-0.8473 -0.2753 0.4539
-0.7208 -0.5237 0.4539
-0.6545 -0.4755 0.5877
-0.7694 -0.2500 0.5877
-0.7208 -0.5237 0.4539
-0.5237 -0.7208 0.4539
-0.4755 -0.6545 0.5877
-0.6545 -0.4755 0.5877
-0.5237 -0.7208 0.4539
-0.2753 -0.8473 0.4539
-0.2500 -0.7694 0.5877
-0.4755 -0.6545 0.5877
-0.2753 -0.8473 0.4539
0.0000 -0.8910 0.4539
0.0000 -0.8090 0.5877
-0.2500 -0.7694 0.5877
0.0000 -0.8910 0.4539
0.2753 -0.8473 0.4539
0.2499 -0.7694 0.5877
0.0000 -0.8090 0.5877
0.2753 -0.8473 0.4539
0.5237 -0.7208 0.4539
0.4755 -0.6545 0.5877
0.2499 -0.7694 0.5877
0.5237 -0.7208 0.4539
0.7208 -0.5237 0.4539
0.6545 -0.4755 0.5877
0.4755 -0.6545 0.5877
0.7208 -0.5237 0.4539
0.8473 -0.2753 0.4539
0.7694 -0.2500 0.5877
0.6545 -0.4755 0.5877
0.8473 -0.2753 0.4539
0.8910 0.0000 0.4539
0.8090 0.0000 0.5877
0.7694 -0.2500 0.5877
0.9510 0.0000 0.3090
0.9045 0.2938 0.3090
0.8473 0.2753 0.4539
0.8910 0.0000 0.4539
0.9045 0.2938 0.3090
0.7694 0.5590 0.3090
0.7208 0.5237 0.4539
0.8473 0.2753 0.4539
0.7694 0.5590 0.3090
0.5590 0.7694 0.3090
0.5237 0.7208 0.4539
0.7208 0.5237 0.4539
0.5590 0.7694 0.3090
0.2938 0.9045 0.3090
0.2753 0.8473 0.4539
0.5237 0.7208 0.4539
0.2938 0.9045 0.3090
0.0000 0.9510 0.3090
0.0000 0.8910 0.4539
0.2753 0.8473 0.4539
0.0000 0.9510 0.3090
-0.2938 0.9045 0.3090
-0.2753 0.8473 0.4539
0.0000 0.8910 0.4539
-0.2938 0.9045 0.3090
-0.5590 0.7694 0.3090
-0.5237 0.7208 0.4539
-0.2753 0.8473 0.4539
-0.5590 0.7694 0.3090
-0.7694 0.5590 0.3090
-0.7208 0.5237 0.4539
-0.5237 0.7208 0.4539
-0.7694 0.5590 0.3090
-0.9045 0.2938 0.3090
-0.8473 0.2753 0.4539
-0.7208 0.5237 0.4539
-0.9045 0.2938 0.3090
-0.9510 0.0000 0.3090
-0.8910 0.0000 0.4539
-0.8473 0.2753 0.4539
-0.9510 0.0000 0.3090
-0.9045 -0.2938 0.3090
-0.8473 -0.2753 0.4539
-0.8910 0.0000 0.4539
-0.9045 -0.2938 0.3090
-0.7694 -0.5590 0.3090
-0.7208 -0.5237 0.4539
-0.8473 -0.2753 0.4539
-0.7694 -0.5590 0.3090
-0.5590 -0.7694 0.3090
-0.5237 -0.7208 0.4539
-0.7208 -0.5237 0.4539
-0.5590 -0.7694 0.3090
-0.2938 -0.9045 0.3090
-0.2753 -0.8473 0.4539
-0.5237 -0.7208 0.4539
-0.2938 -0.9045 0.3090
0.0000 -0.9510 0.3090
0.0000 -0.8910 0.4539
-0.2753 -0.8473 0.4539
0.0000 -0.9510 0.3090
0.2938 -0.9045 0.3090
0.2753 -0.8473 0.4539
0.0000 -0.8910 0.4539
0.2938 -0.9045 0.3090
0.5590 -0.7694 0.3090
0.5237 -0.7208 0.4539
0.2753 -0.8473 0.4539
0.5590 -0.7694 0.3090
0.7694 -0.5590 0.3090
0.7208 -0.5237 0.4539
0.5237 -0.7208 0.4539
0.7694 -0.5590 0.3090
0.9045 -0.2938 0.3090
0.8473 -0.2753 0.4539
0.7208 -0.5237 0.4539
0.9045 -0.2938 0.3090
0.9510 0.0000 0.3090
0.8910 0.0000 0.4539
0.8473 -0.2753 0.4539
0.9876 0.0000 0.1564
0.9393 0.3052 0.1564
0.9045 0.2938 0.3090
0.9510 0.0000 0.3090
0.9393 0.3052 0.1564
0.7990 0.5805 0.1564
0.7694 0.5590 0.3090
0.9045 0.2938 0.3090
0.7990 0.5805 0.1564
0.5805 0.7990 0.1564
0.5590 0.7694 0.3090
0.7694 0.5590 0.3090
0.5805 0.7990 0.1564
0.3052 0.9393 0.1564
0.2938 0.9045 0.3090
0.5590 0.7694 0.3090
0.3052 0.9393 0.1564
0.0000 0.9876 0.1564
0.0000 0.9510 0.3090
0.2938 0.9045 0.3090
0.0000 0.9876 0.1564
-0.3052 0.9393 0.1564
-0.2938 0.9045 0.3090
0.0000 0.9510 0.3090
-0.3052 0.9393 0.1564
-0.5805 0.7990 0.1564
-0.5590 0.7694 0.3090
-0.2938 0.9045 0.3090
-0.5805 0.7990 0.1564
-0.7990 0.5805 0.1564
-0.7694 0.5590 0.3090
-0.5590 0.7694 0.3090
-0.7990 0.5805 0.1564
-0.9393 0.3052 0.1564
-0.9045 0.2938 0.3090
-0.7694 0.5590 0.3090
-0.9393 0.3052 0.1564
-0.9876 0.0000 0.1564
-0.9510 0.0000 0.3090
-0.9045 0.2938 0.3090
-0.9876 0.0000 0.1564
-0.9393 -0.3052 0.1564
-0.9045 -0.2938 0.3090
-0.9510 0.0000 0.3090
-0.9393 -0.3052 0.1564
-0.7990 -0.5805 0.1564
-0.7694 -0.5590 0.3090
-0.9045 -0.2938 0.3090
-0.7990 -0.5805 0.1564
-0.5805 -0.7990 0.1564
-0.5590 -0.7694 0.3090
-0.7694 -0.5590 0.3090
-0.5805 -0.7990 0.1564
-0.3052 -0.9393 0.1564
-0.2938 -0.9045 0.3090
-0.5590 -0.7694 0.3090
-0.3052 -0.9393 0.1564
0.0000 -0.9876 0.1564
0.0000 -0.9510 0.3090
-0.2938 -0.9045 0.3090
0.0000 -0.9876 0.1564
0.3052 -0.9393 0.1564
0.2938 -0.9045 0.3090
0.0000 -0.9510 0.3090
0.3052 -0.9393 0.1564
0.5805 -0.7990 0.1564
0.5590 -0.7694 0.3090
0.2938 -0.9045 0.3090
0.5805 -0.7990 0.1564
0.7990 -0.5805 0.1564
0.7694 -0.5590 0.3090
0.5590 -0.7694 0.3090
0.7990 -0.5805 0.1564
0.9393 -0.3052 0.1564
0.9045 -0.2938 0.3090
0.7694 -0.5590 0.3090
0.9393 -0.3052 0.1564
0.9876 0.0000 0.1564
0.9510 0.0000 0.3090
0.9045 -0.2938 0.3090
0.9999 0.0000 0.0000
0.9510 0.3090 0.0000
0.9393 0.3052 0.1564
0.9876 0.0000 0.1564
0.9510 0.3090 0.0000
0.8090 0.5877 0.0000
0.7990 0.5805 0.1564
0.9393 0.3052 0.1564
0.8090 0.5877 0.0000
0.5877 0.8090 0.0000
0.5805 0.7990 0.1564
0.7990 0.5805 0.1564
0.5877 0.8090 0.0000
0.3090 0.9510 0.0000
0.3052 0.9393 0.1564
0.5805 0.7990 0.1564
0.3090 0.9510 0.0000
0.0000 0.9999 0.0000
0.0000 0.9876 0.1564
0.3052 0.9393 0.1564
0.0000 0.9999 0.0000
-0.3090 0.9510 0.0000
-0.3052 0.9393 0.1564
0.0000 0.9876 0.1564
-0.3090 0.9510 0.0000
-0.5877 0.8090 0.0000
-0.5805 0.7990 0.1564
-0.3052 0.9393 0.1564
-0.5877 0.8090 0.0000
-0.8090 0.5877 0.0000
-0.7990 0.5805 0.1564
-0.5805 0.7990 0.1564
-0.8090 0.5877 0.0000
-0.9510 0.3090 0.0000
-0.9393 0.3052 0.1564
-0.7990 0.5805 0.1564
-0.9510 0.3090 0.0000
-0.9999 0.0000 0.0000
-0.9876 0.0000 0.1564
-0.9393 0.3052 0.1564
-0.9999 0.0000 0.0000
-0.9510 -0.3090 0.0000
-0.9393 -0.3052 0.1564
-0.9876 0.0000 0.1564
-0.9510 -0.3090 0.0000
-0.8090 -0.5877 0.0000
-0.7990 -0.5805 0.1564
-0.9393 -0.3052 0.1564
-0.8090 -0.5877 0.0000
-0.5877 -0.8090 0.0000
-0.5805 -0.7990 0.1564
-0.7990 -0.5805 0.1564
-0.5877 -0.8090 0.0000
-0.3090 -0.9510 0.0000
-0.3052 -0.9393 0.1564
-0.5805 -0.7990 0.1564
-0.3090 -0.9510 0.0000
0.0000 -0.9999 0.0000
0.0000 -0.9876 0.1564
-0.3052 -0.9393 0.1564
0.0000 -0.9999 0.0000
0.3090 -0.9510 0.0000
0.3052 -0.9393 0.1564
0.0000 -0.9876 0.1564
0.3090 -0.9510 0.0000
0.5877 -0.8090 0.0000
0.5805 -0.7990 0.1564
0.3052 -0.9393 0.1564
0.5877 -0.8090 0.0000
0.8090 -0.5877 0.0000
0.7990 -0.5805 0.1564
0.5805 -0.7990 0.1564
0.8090 -0.5877 0.0000
0.9510 -0.3090 0.0000
0.9393 -0.3052 0.1564
0.7990 -0.5805 0.1564
0.9510 -0.3090 0.0000
0.9999 0.0000 0.0000
0.9876 0.0000 0.1564
0.9393 -0.3052 0.1564
0.9876 0.0000 -0.1564
0.9393 0.3052 -0.1564
0.9510 0.3090 0.0000
0.9999 0.0000 0.0000
0.9393 0.3052 -0.1564
0.7990 0.5805 -0.1564
0.8090 0.5877 0.0000
0.9510 0.3090 0.0000
0.7990 0.5805 -0.1564
0.5805 0.7990 -0.1564
0.5877 0.8090 0.0000
0.8090 0.5877 0.0000
0.5805 0.7990 -0.1564
0.3052 0.9393 -0.1564
0.3090 0.9510 0.0000
0.5877 0.8090 0.0000
0.3052 0.9393 -0.1564
0.0000 0.9876 -0.1564
0.0000 0.9999 0.0000
0.3090 0.9510 0.0000
0.0000 0.9876 -0.1564
-0.3052 0.9393 -0.1564
-0.3090 0.9510 0.0000
0.0000 0.9999 0.0000
-0.3052 0.9393 -0.1564
-0.5805 0.7990 -0.1564
-0.5877 0.8090 0.0000
-0.3090 0.9510 0.0000
-0.5805 0.7990 -0.1564
-0.7990 0.5805 -0.1564
-0.8090 0.5877 0.0000
-0.5877 0.8090 0.0000
-0.7990 0.5805 -0.1564
-0.9393 0.3052 -0.1564
-0.9510 0.3090 0.0000
-0.8090 0.5877 0.0000
-0.9393 0.3052 -0.1564
-0.9876 0.0000 -0.1564
-0.9999 0.0000 0.0000
-0.9510 0.3090 0.0000
-0.9876 0.0000 -0.1564
-0.9393 -0.3052 -0.1564
-0.9510 -0.3090 0.0000
-0.9999 0.0000 0.0000
-0.9393 -0.3052 -0.1564
-0.7990 -0.5805 -0.1564
-0.8090 -0.5877 0.0000
-0.9510 -0.3090 0.0000
-0.7990 -0.5805 -0.1564
-0.5805 -0.7990 -0.1564
-0.5877 -0.8090 0.0000
-0.8090 -0.5877 0.0000
-0.5805 -0.7990 -0.1564
-0.3052 -0.9393 -0.1564
-0.3090 -0.9510 0.0000
-0.5877 -0.8090 0.0000
-0.3052 -0.9393 -0.1564
0.0000 -0.9876 -0.1564
0.0000 -0.9999 0.0000
-0.3090 -0.9510 0.0000
0.0000 -0.9876 -0.1564
0.3052 -0.9393 -0.1564
0.3090 -0.9510 0.0000
0.0000 -0.9999 0.0000
0.3052 -0.9393 -0.1564
0.5805 -0.7990 -0.1564
0.5877 -0.8090 0.0000
0.3090 -0.9510 0.0000
0.5805 -0.7990 -0.1564
0.7990 -0.5805 -0.1564
0.8090 -0.5877 0.0000
0.5877 -0.8090 0.0000
0.7990 -0.5805 -0.1564
0.9393 -0.3052 -0.1564
0.9510 -0.3090 0.0000
0.8090 -0.5877 0.0000
0.9393 -0.3052 -0.1564
0.9876 0.0000 -0.1564
0.9999 0.0000 0.0000
0.9510 -0.3090 0.0000
0.9510 0.0000 -0.3090
0.9045 0.2938 -0.3090
0.9393 0.3052 -0.1564
0.9876 0.0000 -0.1564
0.9045 0.2938 -0.3090
0.7694 0.5590 -0.3090
0.7990 0.5805 -0.1564
0.9393 0.3052 -0.1564
0.7694 0.5590 -0.3090
0.5590 0.7694 -0.3090
0.5805 0.7990 -0.1564
0.7990 0.5805 -0.1564
0.5590 0.7694 -0.3090
0.2938 0.9045 -0.3090
0.3052 0.9393 -0.1564
0.5805 0.7990 -0.1564
0.2938 0.9045 -0.3090
0.0000 0.9510 -0.3090
0.0000 0.9876 -0.1564
0.3052 0.9393 -0.1564
0.0000 0.9510 -0.3090
-0.2938 0.9045 -0.3090
-0.3052 0.9393 -0.1564
0.0000 0.9876 -0.1564
-0.2938 0.9045 -0.3090
-0.5590 0.7694 -0.3090
-0.5805 0.7990 -0.1564
-0.3052 0.9393 -0.1564
-0.5590 0.7694 -0.3090
-0.7694 0.5590 -0.3090
-0.7990 0.5805 -0.1564
-0.5805 0.7990 -0.1564
-0.7694 0.5590 -0.3090
-0.9045 0.2938 -0.3090
-0.9393 0.3052 -0.1564
-0.7990 0.5805 -0.1564
-0.9045 0.2938 -0.3090
-0.9510 0.0000 -0.3090
-0.9876 0.0000 -0.1564
-0.9393 0.3052 -0.1564
-0.9510 0.0000 -0.3090
-0.9045 -0.2938 -0.3090
-0.9393 -0.3052 -0.1564
-0.9876 0.0000 -0.1564
-0.9045 -0.2938 -0.3090
-0.7694 -0.5590 -0.3090
-0.7990 -0.5805 -0.1564
-0.9393 -0.3052 -0.1564
-0.7694 -0.5590 -0.3090
-0.5590 -0.7694 -0.3090
-0.5805 -0.7990 -0.1564
-0.7990 -0.5805 -0.1564
-0.5590 -0.7694 -0.3090
-0.2938 -0.9045 -0.3090
-0.3052 -0.9393 -0.1564
-0.5805 -0.7990 -0.1564
-0.2938 -0.9045 -0.3090
0.0000 -0.9510 -0.3090
0.0000 -0.9876 -0.1564
-0.3052 -0.9393 -0.1564
0.0000 -0.9510 -0.3090
0.2938 -0.9045 -0.3090
0.3052 -0.9393 -0.1564
0.0000 -0.9876 -0.1564
0.2938 -0.9045 -0.3090
0.5590 -0.7694 -0.3090
0.5805 -0.7990 -0.1564
0.3052 -0.9393 -0.1564
0.5590 -0.7694 -0.3090
0.7694 -0.5590 -0.3090
0.7990 -0.5805 -0.1564
0.5805 -0.7990 -0.1564
0.7694 -0.5590 -0.3090
0.9045 -0.2938 -0.3090
0.9393 -0.3052 -0.1564
0.7990 -0.5805 -0.1564
0.9045 -0.2938 -0.3090
0.9510 0.0000 -0.3090
0.9876 0.0000 -0.1564
0.9393 -0.3052 -0.1564
0.8910 0.0000 -0.4539
0.8473 0.2753 -0.4539
0.9045 0.2938 -0.3090
0.9510 0.0000 -0.3090
0.8473 0.2753 -0.4539
0.7208 0.5237 -0.4539
0.7694 0.5590 -0.3090
0.9045 0.2938 -0.3090
0.7208 0.5237 -0.4539
0.5237 0.7208 -0.4539
0.5590 0.7694 -0.3090
0.7694 0.5590 -0.3090
0.5237 0.7208 -0.4539
0.2753 0.8473 -0.4539
0.2938 0.9045 -0.3090
0.5590 0.7694 -0.3090
0.2753 0.8473 -0.4539
0.0000 0.8910 -0.4539
0.0000 0.9510 -0.3090
0.2938 0.9045 -0.3090
0.0000 0.8910 -0.4539
-0.2753 0.8473 -0.4539
-0.2938 0.9045 -0.3090
0.0000 0.9510 -0.3090
-0.2753 0.8473 -0.4539
-0.5237 0.7208 -0.4539
-0.5590 0.7694 -0.3090
-0.2938 0.9045 -0.3090
-0.5237 0.7208 -0.4539
-0.7208 0.5237 -0.4539
-0.7694 0.5590 -0.3090
-0.5590 0.7694 -0.3090
-0.7208 0.5237 -0.4539
-0.8473 0.2753 -0.4539
-0.9045 0.2938 -0.3090
-0.7694 0.5590 -0.3090
-0.8473 0.2753 -0.4539
-0.8910 0.0000 -0.4539
-0.9510 0.0000 -0.3090
-0.9045 0.2938 -0.3090
-0.8910 0.0000 -0.4539
-0.8473 -0.2753 -0.4539
-0.9045 -0.2938 -0.3090
-0.9510 0.0000 -0.3090
-0.8473 -0.2753 -0.4539
-0.7208 -0.5237 -0.4539
-0.7694 -0.5590 -0.3090
-0.9045 -0.2938 -0.3090
-0.7208 -0.5237 -0.4539
-0.5237 -0.7208 -0.4539
-0.5590 -0.7694 -0.3090
-0.7694 -0.5590 -0.3090
-0.5237 -0.7208 -0.4539
-0.2753 -0.8473 -0.4539
-0.2938 -0.9045 -0.3090
-0.5590 -0.7694 -0.3090
-0.2753 -0.8473 -0.4539
0.0000 -0.8910 -0.4539
0.0000 -0.9510 -0.3090
-0.2938 -0.9045 -0.3090
0.0000 -0.8910 -0.4539
0.2753 -0.8473 -0.4539
0.2938 -0.9045 -0.3090
0.0000 -0.9510 -0.3090
0.2753 -0.8473 -0.4539
0.5237 -0.7208 -0.4539
0.5590 -0.7694 -0.3090
0.2938 -0.9045 -0.3090
0.5237 -0.7208 -0.4539
0.7208 -0.5237 -0.4539
0.7694 -0.5590 -0.3090
0.5590 -0.7694 -0.3090
0.7208 -0.5237 -0.4539
0.8473 -0.2753 -0.4539
0.9045 -0.2938 -0.3090
0.7694 -0.5590 -0.3090
0.8473 -0.2753 -0.4539
0.8910 0.0000 -0.4539
0.9510 0.0000 -0.3090
0.9045 -0.2938 -0.3090
0.8090 0.0000 -0.5877
0.7694 0.2500 -0.5877
0.8473 0.2753 -0.4539
0.8910 0.0000 -0.4539
0.7694 0.2500 -0.5877
0.6545 0.4755 -0.5877
0.7208 0.5237 -0.4539
0.8473 0.2753 -0.4539
0.6545 0.4755 -0.5877
0.4755 0.6545 -0.5877
0.5237 0.7208 -0.4539
0.7208 0.5237 -0.4539
0.4755 0.6545 -0.5877
0.2500 0.7694 -0.5877
0.2753 0.8473 -0.4539
0.5237 0.7208 -0.4539
0.2500 0.7694 -0.5877
0.0000 0.8090 -0.5877
0.0000 0.8910 -0.4539
0.2753 0.8473 -0.4539
0.0000 0.8090 -0.5877
-0.2500 0.7694 -0.5877
-0.2753 0.8473 -0.4539
0.0000 0.8910 -0.4539
-0.2500 0.7694 -0.5877
-0.4755 0.6545 -0.5877
-0.5237 0.7208 -0.4539
-0.2753 0.8473 -0.4539
-0.4755 0.6545 -0.5877
-0.6545 0.4755 -0.5877
-0.7208 0.5237 -0.4539
-0.5237 0.7208 -0.4539
-0.6545 0.4755 -0.5877
-0.7694 0.2500 -0.5877
-0.8473 0.2753 -0.4539
-0.7208 0.5237 -0.4539
-0.7694 0.2500 -0.5877
-0.8090 0.0000 -0.5877
-0.8910 0.0000 -0.4539
-0.8473 0.2753 -0.4539
-0.8090 0.0000 -0.5877
-0.7694 -0.2500 -0.5877
-0.8473 -0.2753 -0.4539
-0.8910 0.0000 -0.4539
-0.7694 -0.2500 -0.5877
-0.6545 -0.4755 -0.5877
-0.7208 -0.5237 -0.4539
-0.8473 -0.2753 -0.4539
-0.6545 -0.4755 -0.5877
-0.4755 -0.6545 -0.5877
-0.5237 -0.7208 -0.4539
-0.7208 -0.5237 -0.4539
-0.4755 -0.6545 -0.5877
-0.2500 -0.7694 -0.5877
-0.2753 -0.8473 -0.4539
-0.5237 -0.7208 -0.4539
-0.2500 -0.7694 -0.5877
0.0000 -0.8090 -0.5877
0.0000 -0.8910 -0.4539
-0.2753 -0.8473 -0.4539
0.0000 -0.8090 -0.5877
0.2499 -0.7694 -0.5877
0.2753 -0.8473 -0.4539
0.0000 -0.8910 -0.4539
0.2499 -0.7694 -0.5877
0.4755 -0.6545 -0.5877
0.5237 -0.7208 -0.4539
0.2753 -0.8473 -0.4539
0.4755 -0.6545 -0.5877
0.6545 -0.4755 -0.5877
0.7208 -0.5237 -0.4539
0.5237 -0.7208 -0.4539
0.6545 -0.4755 -0.5877
0.7694 -0.2500 -0.5877
0.8473 -0.2753 -0.4539
0.7208 -0.5237 -0.4539
0.7694 -0.2500 -0.5877
0.8090 0.0000 -0.5877
0.8910 0.0000 -0.4539
0.8473 -0.2753 -0.4539
0.7071 0.0000 -0.7071
0.6724 0.2185 -0.7071
0.7694 0.2500 -0.5877
0.8090 0.0000 -0.5877
0.6724 0.2185 -0.7071
0.5720 0.4156 -0.7071
0.6545 0.4755 -0.5877
0.7694 0.2500 -0.5877
0.5720 0.4156 -0.7071
0.4156 0.5720 -0.7071
0.4755 0.6545 -0.5877
0.6545 0.4755 -0.5877
0.4156 0.5720 -0.7071
0.2185 0.6724 -0.7071
0.2500 0.7694 -0.5877
0.4755 0.6545 -0.5877
0.2185 0.6724 -0.7071
0.0000 0.7071 -0.7071
0.0000 0.8090 -0.5877
0.2500 0.7694 -0.5877
0.0000 0.7071 -0.7071
-0.2185 0.6724 -0.7071
-0.2500 0.7694 -0.5877
0.0000 0.8090 -0.5877
-0.2185 0.6724 -0.7071
-0.4156 0.5720 -0.7071
-0.4755 0.6545 -0.5877
-0.2500 0.7694 -0.5877
-0.4156 0.5720 -0.7071
-0.5720 0.4156 -0.7071
-0.6545 0.4755 -0.5877
-0.4755 0.6545 -0.5877
-0.5720 0.4156 -0.7071
-0.6724 0.2185 -0.7071
-0.7694 0.2500 -0.5877
-0.6545 0.4755 -0.5877
-0.6724 0.2185 -0.7071
-0.7071 0.0000 -0.7071
-0.8090 0.0000 -0.5877
-0.7694 0.2500 -0.5877
-0.7071 0.0000 -0.7071
-0.6724 -0.2185 -0.7071
-0.7694 -0.2500 -0.5877
-0.8090 0.0000 -0.5877
-0.6724 -0.2185 -0.7071
-0.5720 -0.4156 -0.7071
-0.6545 -0.4755 -0.5877
-0.7694 -0.2500 -0.5877
-0.5720 -0.4156 -0.7071
-0.4156 -0.5720 -0.7071
-0.4755 -0.6545 -0.5877
-0.6545 -0.4755 -0.5877
-0.4156 -0.5720 -0.7071
-0.2185 -0.6724 -0.7071
-0.2500 -0.7694 -0.5877
-0.4755 -0.6545 -0.5877
-0.2185 -0.6724 -0.7071
0.0000 -0.7071 -0.7071
0.0000 -0.8090 -0.5877
-0.2500 -0.7694 -0.5877
0.0000 -0.7071 -0.7071
0.2185 -0.6724 -0.7071
0.2499 -0.7694 -0.5877
0.0000 -0.8090 -0.5877
0.2185 -0.6724 -0.7071
0.4156 -0.5720 -0.7071
0.4755 -0.6545 -0.5877
0.2499 -0.7694 -0.5877
0.4156 -0.5720 -0.7071
0.5720 -0.4156 -0.7071
0.6545 -0.4755 -0.5877
0.4755 -0.6545 -0.5877
0.5720 -0.4156 -0.7071
0.6724 -0.2185 -0.7071
0.7694 -0.2500 -0.5877
0.6545 -0.4755 -0.5877
0.6724 -0.2185 -0.7071
0.7071 0.0000 -0.7071
0.8090 0.0000 -0.5877
0.7694 -0.2500 -0.5877
0.5877 0.0000 -0.8090
0.5590 0.1816 -0.8090
0.6724 0.2185 -0.7071
0.7071 0.0000 -0.7071
0.5590 0.1816 -0.8090
0.4755 0.3454 -0.8090
0.5720 0.4156 -0.7071
0.6724 0.2185 -0.7071
0.4755 0.3454 -0.8090
0.3454 0.4755 -0.8090
0.4156 0.5720 -0.7071
0.5720 0.4156 -0.7071
0.3454 0.4755 -0.8090
0.1816 0.5590 -0.8090
0.2185 0.6724 -0.7071
0.4156 0.5720 -0.7071
0.1816 0.5590 -0.8090
0.0000 0.5877 -0.8090
0.0000 0.7071 -0.7071
0.2185 0.6724 -0.7071
0.0000 0.5877 -0.8090
-0.1816 0.5590 -0.8090
-0.2185 0.6724 -0.7071
0.0000 0.7071 -0.7071
-0.1816 0.5590 -0.8090
-0.3454 0.4755 -0.8090
-0.4156 0.5720 -0.7071
-0.2185 0.6724 -0.7071
-0.3454 0.4755 -0.8090
-0.4755 0.3454 -0.8090
-0.5720 0.4156 -0.7071
-0.4156 0.5720 -0.7071
-0.4755 0.3454 -0.8090
-0.5590 0.1816 -0.8090
-0.6724 0.2185 -0.7071
-0.5720 0.4156 -0.7071
-0.5590 0.1816 -0.8090
-0.5877 0.0000 -0.8090
-0.7071 0.0000 -0.7071
-0.6724 0.2185 -0.7071
-0.5877 0.0000 -0.8090
-0.5590 -0.1816 -0.8090
-0.6724 -0.2185 -0.7071
-0.7071 0.0000 -0.7071
-0.5590 -0.1816 -0.8090
-0.4755 -0.3454 -0.8090
-0.5720 -0.4156 -0.7071
-0.6724 -0.2185 -0.7071
-0.4755 -0.3454 -0.8090
-0.3454 -0.4755 -0.8090
-0.4156 -0.5720 -0.7071
-0.5720 -0.4156 -0.7071
-0.3454 -0.4755 -0.8090
-0.1816 -0.5590 -0.8090
-0.2185 -0.6724 -0.7071
-0.4156 -0.5720 -0.7071
-0.1816 -0.5590 -0.8090
0.0000 -0.5877 -0.8090
0.0000 -0.7071 -0.7071
-0.2185 -0.6724 -0.7071
0.0000 -0.5877 -0.8090
0.1816 -0.5590 -0.8090
0.2185 -0.6724 -0.7071
0.0000 -0.7071 -0.7071
0.1816 -0.5590 -0.8090
0.3454 -0.4755 -0.8090
0.4156 -0.5720 -0.7071
0.2185 -0.6724 -0.7071
0.3454 -0.4755 -0.8090
0.4755 -0.3454 -0.8090
0.5720 -0.4156 -0.7071
0.4156 -0.5720 -0.7071
0.4755 -0.3454 -0.8090
0.5590 -0.1816 -0.8090
0.6724 -0.2185 -0.7071
0.5720 -0.4156 -0.7071
0.5590 -0.1816 -0.8090
0.5877 0.0000 -0.8090
0.7071 0.0000 -0.7071
0.6724 -0.2185 -0.7071
0.4539 0.0000 -0.8910
0.4317 0.1402 -0.8910
0.5590 0.1816 -0.8090
0.5877 0.0000 -0.8090
0.4317 0.1402 -0.8910
0.3672 0.2668 -0.8910
0.4755 0.3454 -0.8090
0.5590 0.1816 -0.8090
0.3672 0.2668 -0.8910
0.2668 0.3672 -0.8910
0.3454 0.4755 -0.8090
0.4755 0.3454 -0.8090
0.2668 0.3672 -0.8910
0.1402 0.4317 -0.8910
0.1816 0.5590 -0.8090
0.3454 0.4755 -0.8090
0.1402 0.4317 -0.8910
0.0000 0.4539 -0.8910
0.0000 0.5877 -0.8090
0.1816 0.5590 -0.8090
0.0000 0.4539 -0.8910
-0.1402 0.4317 -0.8910
-0.1816 0.5590 -0.8090
0.0000 0.5877 -0.8090
-0.1402 0.4317 -0.8910
-0.2668 0.3672 -0.8910
-0.3454 0.4755 -0.8090
-0.1816 0.5590 -0.8090
-0.2668 0.3672 -0.8910
-0.3672 0.2668 -0.8910
-0.4755 0.3454 -0.8090
-0.3454 0.4755 -0.8090
-0.3672 0.2668 -0.8910
-0.4317 0.1402 -0.8910
-0.5590 0.1816 -0.8090
-0.4755 0.3454 -0.8090
-0.4317 0.1402 -0.8910
-0.4539 0.0000 -0.8910
-0.5877 0.0000 -0.8090
-0.5590 0.1816 -0.8090
-0.4539 0.0000 -0.8910
-0.4317 -0.1402 -0.8910
-0.5590 -0.1816 -0.8090
-0.5877 0.0000 -0.8090
-0.4317 -0.1402 -0.8910
-0.3672 -0.2668 -0.8910
-0.4755 -0.3454 -0.8090
-0.5590 -0.1816 -0.8090
-0.3672 -0.2668 -0.8910
-0.2668 -0.3672 -0.8910
-0.3454 -0.4755 -0.8090
-0.4755 -0.3454 -0.8090
-0.2668 -0.3672 -0.8910
-0.1402 -0.4317 -0.8910
-0.1816 -0.5590 -0.8090
-0.3454 -0.4755 -0.8090
-0.1402 -0.4317 -0.8910
0.0000 -0.4539 -0.8910
0.0000 -0.5877 -0.8090
-0.1816 -0.5590 -0.8090
0.0000 -0.4539 -0.8910
0.1402 -0.4317 -0.8910
0.1816 -0.5590 -0.8090
0.0000 -0.5877 -0.8090
0.1402 -0.4317 -0.8910
0.2668 -0.3672 -0.8910
0.3454 -0.4755 -0.8090
0.1816 -0.5590 -0.8090
0.2668 -0.3672 -0.8910
0.3672 -0.2668 -0.8910
0.4755 -0.3454 -0.8090
0.3454 -0.4755 -0.8090
0.3672 -0.2668 -0.8910
0.4317 -0.1402 -0.8910
0.5590 -0.1816 -0.8090
0.4755 -0.3454 -0.8090
0.4317 -0.1402 -0.8910
0.4539 0.0000 -0.8910
0.5877 0.0000 -0.8090
0.5590 -0.1816 -0.8090
0.3090 0.0000 -0.9510
0.2938 0.0954 -0.9510
0.4317 0.1402 -0.8910
0.4539 0.0000 -0.8910
0.2938 0.0954 -0.9510
0.2500 0.1816 -0.9510
0.3672 0.2668 -0.8910
0.4317 0.1402 -0.8910
0.2500 0.1816 -0.9510
0.1816 0.2500 -0.9510
0.2668 0.3672 -0.8910
0.3672 0.2668 -0.8910
0.1816 0.2500 -0.9510
0.0954 0.2938 -0.9510
0.1402 0.4317 -0.8910
0.2668 0.3672 -0.8910
0.0954 0.2938 -0.9510
0.0000 0.3090 -0.9510
0.0000 0.4539 -0.8910
0.1402 0.4317 -0.8910
0.0000 0.3090 -0.9510
-0.0954 0.2938 -0.9510
-0.1402 0.4317 -0.8910
0.0000 0.4539 -0.8910
-0.0954 0.2938 -0.9510
-0.1816 0.2500 -0.9510
-0.2668 0.3672 -0.8910
-0.1402 0.4317 -0.8910
-0.1816 0.2500 -0.9510
-0.2500 0.1816 -0.9510
-0.3672 0.2668 -0.8910
-0.2668 0.3672 -0.8910
-0.2500 0.1816 -0.9510
-0.2938 0.0954 -0.9510
-0.4317 0.1402 -0.8910
-0.3672 0.2668 -0.8910
-0.2938 0.0954 -0.9510
-0.3090 0.0000 -0.9510
-0.4539 0.0000 -0.8910
-0.4317 0.1402 -0.8910
-0.3090 0.0000 -0.9510
-0.2938 -0.0954 -0.9510
-0.4317 -0.1402 -0.8910
-0.4539 0.0000 -0.8910
-0.2938 -0.0954 -0.9510
-0.2500 -0.1816 -0.9510
-0.3672 -0.2668 -0.8910
-0.4317 -0.1402 -0.8910
-0.2500 -0.1816 -0.9510
-0.1816 -0.2500 -0.9510
-0.2668 -0.3672 -0.8910
-0.3672 -0.2668 -0.8910
-0.1816 -0.2500 -0.9510
-0.0954 -0.2938 -0.9510
-0.1402 -0.4317 -0.8910
-0.2668 -0.3672 -0.8910
-0.0954 -0.2938 -0.9510
0.0000 -0.3090 -0.9510
0.0000 -0.4539 -0.8910
-0.1402 -0.4317 -0.8910
0.0000 -0.3090 -0.9510
0.0954 -0.2938 -0.9510
0.1402 -0.4317 -0.8910
0.0000 -0.4539 -0.8910
0.0954 -0.2938 -0.9510
0.1816 -0.2500 -0.9510
0.2668 -0.3672 -0.8910
0.1402 -0.4317 -0.8910
0.1816 -0.2500 -0.9510
0.2500 -0.1816 -0.9510
0.3672 -0.2668 -0.8910
0.2668 -0.3672 -0.8910
0.2500 -0.1816 -0.9510
0.2938 -0.0954 -0.9510
0.4317 -0.1402 -0.8910
0.3672 -0.2668 -0.8910
0.2938 -0.0954 -0.9510
0.3090 0.0000 -0.9510
0.4539 0.0000 -0.8910
0.4317 -0.1402 -0.8910
0.1564 0.0000 -0.9876
0.1487 0.0483 -0.9876
0.2938 0.0954 -0.9510
0.3090 0.0000 -0.9510
0.1487 0.0483 -0.9876
0.1265 0.0919 -0.9876
0.2500 0.1816 -0.9510
0.2938 0.0954 -0.9510
0.1265 0.0919 -0.9876
0.0919 0.1265 -0.9876
0.1816 0.2500 -0.9510
0.2500 0.1816 -0.9510
0.0919 0.1265 -0.9876
0.0483 0.1487 -0.9876
0.0954 0.2938 -0.9510
0.1816 0.2500 -0.9510
0.0483 0.1487 -0.9876
0.0000 0.1564 -0.9876
0.0000 0.3090 -0.9510
0.0954 0.2938 -0.9510
0.0000 0.1564 -0.9876
-0.0483 0.1487 -0.9876
-0.0954 0.2938 -0.9510
0.0000 0.3090 -0.9510
-0.0483 0.1487 -0.9876
-0.0919 0.1265 -0.9876
-0.1816 0.2500 -0.9510
-0.0954 0.2938 -0.9510
-0.0919 0.1265 -0.9876
-0.1265 0.0919 -0.9876
-0.2500 0.1816 -0.9510
-0.1816 0.2500 -0.9510
-0.1265 0.0919 -0.9876
-0.1487 0.0483 -0.9876
-0.2938 0.0954 -0.9510
-0.2500 0.1816 -0.9510
-0.1487 0.0483 -0.9876
-0.1564 0.0000 -0.9876
-0.3090 0.0000 -0.9510
-0.2938 0.0954 -0.9510
-0.1564 0.0000 -0.9876
-0.1487 -0.0483 -0.9876
-0.2938 -0.0954 -0.9510
-0.3090 0.0000 -0.9510
-0.1487 -0.0483 -0.9876
-0.1265 -0.0919 -0.9876
-0.2500 -0.1816 -0.9510
-0.2938 -0.0954 -0.9510
-0.1265 -0.0919 -0.9876
-0.0919 -0.1265 -0.9876
-0.1816 -0.2500 -0.9510
-0.2500 -0.1816 -0.9510
-0.0919 -0.1265 -0.9876
-0.0483 -0.1487 -0.9876
-0.0954 -0.2938 -0.9510
-0.1816 -0.2500 -0.9510
-0.0483 -0.1487 -0.9876
0.0000 -0.1564 -0.9876
0.0000 -0.3090 -0.9510
-0.0954 -0.2938 -0.9510
0.0000 -0.1564 -0.9876
0.0483 -0.1487 -0.9876
0.0954 -0.2938 -0.9510
0.0000 -0.3090 -0.9510
0.0483 -0.1487 -0.9876
0.0919 -0.1265 -0.9876
0.1816 -0.2500 -0.9510
0.0954 -0.2938 -0.9510
0.0919 -0.1265 -0.9876
0.1265 -0.0919 -0.9876
0.2500 -0.1816 -0.9510
0.1816 -0.2500 -0.9510
0.1265 -0.0919 -0.9876
0.1487 -0.0483 -0.9876
0.2938 -0.0954 -0.9510
0.2500 -0.1816 -0.9510
0.1487 -0.0483 -0.9876
0.1564 0.0000 -0.9876
0.3090 0.0000 -0.9510
0.2938 -0.0954 -0.9510
0.0000 0.0000 -0.9999
0.0000 0.0000 -0.9999
0.1487 0.0483 -0.9876
0.1564 0.0000 -0.9876
0.0000 0.0000 -0.9999
0.0000 0.0000 -0.9999
0.1265 0.0919 -0.9876
0.1487 0.0483 -0.9876
0.0000 0.0000 -0.9999
0.0000 0.0000 -0.9999
0.0919 0.1265 -0.9876
0.1265 0.0919 -0.9876
0.0000 0.0000 -0.9999
0.0000 0.0000 -0.9999
0.0483 0.1487 -0.9876
0.0919 0.1265 -0.9876
0.0000 0.0000 -0.9999
0.0000 0.0000 -0.9999
0.0000 0.1564 -0.9876
0.0483 0.1487 -0.9876
0.0000 0.0000 -0.9999
0.0000 0.0000 -0.9999
-0.0483 0.1487 -0.9876
0.0000 0.1564 -0.9876
0.0000 0.0000 -0.9999
0.0000 0.0000 -0.9999
-0.0919 0.1265 -0.9876
-0.0483 0.1487 -0.9876
0.0000 0.0000 -0.9999
0.0000 0.0000 -0.9999
-0.1265 0.0919 -0.9876
-0.0919 0.1265 -0.9876
0.0000 0.0000 -0.9999
0.0000 0.0000 -0.9999
-0.1487 0.0483 -0.9876
-0.1265 0.0919 -0.9876
0.0000 0.0000 -0.9999
0.0000 0.0000 -0.9999
-0.1564 0.0000 -0.9876
-0.1487 0.0483 -0.9876
0.0000 0.0000 -0.9999
0.0000 0.0000 -0.9999
-0.1487 -0.0483 -0.9876
-0.1564 0.0000 -0.9876
0.0000 0.0000 -0.9999
0.0000 0.0000 -0.9999
-0.1265 -0.0919 -0.9876
-0.1487 -0.0483 -0.9876
0.0000 0.0000 -0.9999
0.0000 0.0000 -0.9999
-0.0919 -0.1265 -0.9876
-0.1265 -0.0919 -0.9876
0.0000 0.0000 -0.9999
0.0000 0.0000 -0.9999
-0.0483 -0.1487 -0.9876
-0.0919 -0.1265 -0.9876
0.0000 0.0000 -0.9999
0.0000 0.0000 -0.9999
0.0000 -0.1564 -0.9876
-0.0483 -0.1487 -0.9876
0.0000 0.0000 -0.9999
0.0000 0.0000 -0.9999
0.0483 -0.1487 -0.9876
0.0000 -0.1564 -0.9876
0.0000 0.0000 -0.9999
0.0000 0.0000 -0.9999
0.0919 -0.1265 -0.9876
0.0483 -0.1487 -0.9876
0.0000 0.0000 -0.9999
0.0000 0.0000 -0.9999
0.1265 -0.0919 -0.9876
0.0919 -0.1265 -0.9876
0.0000 0.0000 -0.9999
0.0000 0.0000 -0.9999
0.1487 -0.0483 -0.9876
0.1265 -0.0919 -0.9876
0.0000 0.0000 -0.9999
0.0000 0.0000 -0.9999
0.1564 0.0000 -0.9876
0.1487 -0.0483 -0.9876
