Peon
360
0.0000 0.0000 0.0000
0.0000 0.0000 0.0000
-0.9270 2.8531 0.0000
0.0000 2.9999 0.0000
0.0000 2.9999 0.0000
-0.9270 2.8531 0.0000
-0.8652 2.6629 0.5000
0.0000 2.7999 0.5000
0.0000 2.7999 0.5000
-0.8652 2.6629 0.5000
-0.6798 2.0923 1.0000
0.0000 2.1999 1.0000
0.0000 2.1999 1.0000
-0.6798 2.0923 1.0000
-0.4944 1.5216 1.3999
0.0000 1.5999 1.3999
0.0000 1.5999 1.3999
-0.4944 1.5216 1.3999
-0.3090 0.9510 1.5000
0.0000 0.9999 1.5000
0.0000 0.9999 1.5000
-0.3090 0.9510 1.5000
-0.7416 2.2825 1.5000
0.0000 2.3999 1.5000
0.0000 2.3999 1.5000
-0.7416 2.2825 1.5000
-0.7416 2.2825 1.6000
0.0000 2.3999 1.6000
0.0000 2.3999 1.6000
-0.7416 2.2825 1.6000
-0.3090 0.9510 1.6000
0.0000 0.9999 1.6000
0.0000 0.9999 1.6000
-0.3090 0.9510 1.6000
-0.3090 0.9510 5.0000
0.0000 0.9999 5.0000
0.0000 0.9999 5.0000
-0.3090 0.9510 5.0000
-0.6180 1.9021 5.0000
0.0000 1.9999 5.0000
0.0000 1.9999 5.0000
-0.6180 1.9021 5.0000
-0.6180 1.9021 5.0999
0.0000 1.9999 5.0999
0.0000 1.9999 5.0999
-0.6180 1.9021 5.0999
0.0000 0.0000 5.0999
0.0000 0.0000 5.0999
0.0000 0.0000 5.0999
0.0000 0.0000 5.0999
-0.2317 0.7132 5.4000
0.0000 0.7499 5.4000
0.0000 0.7499 5.4000
-0.2317 0.7132 5.4000
-0.3708 1.1412 5.8499
0.0000 1.1999 5.8499
0.0000 1.1999 5.8499
-0.3708 1.1412 5.8499
-0.4635 1.4265 6.5999
0.0000 1.4999 6.5999
0.0000 1.4999 6.5999
-0.4635 1.4265 6.5999
-0.3708 1.1412 7.3499
0.0000 1.1999 7.3499
0.0000 1.1999 7.3499
-0.3708 1.1412 7.3499
-0.2317 0.7132 7.8000
0.0000 0.7499 7.8000
0.0000 0.7499 7.8000
-0.2317 0.7132 7.8000
0.0000 0.0000 8.1000
0.0000 0.0000 8.1000
0.0000 0.0000 0.0000
0.0000 0.0000 0.0000
-1.7633 2.4270 0.0000
-0.9270 2.8531 0.0000
-0.9270 2.8531 0.0000
-1.7633 2.4270 0.0000
-1.6457 2.2652 0.5000
-0.8652 2.6629 0.5000
-0.8652 2.6629 0.5000
-1.6457 2.2652 0.5000
-1.2931 1.7798 1.0000
-0.6798 2.0923 1.0000
-0.6798 2.0923 1.0000
-1.2931 1.7798 1.0000
-0.9404 1.2944 1.3999
-0.4944 1.5216 1.3999
-0.4944 1.5216 1.3999
-0.9404 1.2944 1.3999
-0.5877 0.8090 1.5000
-0.3090 0.9510 1.5000
-0.3090 0.9510 1.5000
-0.5877 0.8090 1.5000
-1.4106 1.9416 1.5000
-0.7416 2.2825 1.5000
-0.7416 2.2825 1.5000
-1.4106 1.9416 1.5000
-1.4106 1.9416 1.6000
-0.7416 2.2825 1.6000
-0.7416 2.2825 1.6000
-1.4106 1.9416 1.6000
-0.5877 0.8090 1.6000
-0.3090 0.9510 1.6000
-0.3090 0.9510 1.6000
-0.5877 0.8090 1.6000
-0.5877 0.8090 5.0000
-0.3090 0.9510 5.0000
-0.3090 0.9510 5.0000
-0.5877 0.8090 5.0000
-1.1755 1.6180 5.0000
-0.6180 1.9021 5.0000
-0.6180 1.9021 5.0000
-1.1755 1.6180 5.0000
-1.1755 1.6180 5.0999
-0.6180 1.9021 5.0999
-0.6180 1.9021 5.0999
-1.1755 1.6180 5.0999
0.0000 0.0000 5.0999
0.0000 0.0000 5.0999
0.0000 0.0000 5.0999
0.0000 0.0000 5.0999
-0.4408 0.6067 5.4000
-0.2317 0.7132 5.4000
-0.2317 0.7132 5.4000
-0.4408 0.6067 5.4000
-0.7053 0.9708 5.8499
-0.3708 1.1412 5.8499
-0.3708 1.1412 5.8499
-0.7053 0.9708 5.8499
-0.8816 1.2135 6.5999
-0.4635 1.4265 6.5999
-0.4635 1.4265 6.5999
-0.8816 1.2135 6.5999
-0.7053 0.9708 7.3499
-0.3708 1.1412 7.3499
-0.3708 1.1412 7.3499
-0.7053 0.9708 7.3499
-0.4408 0.6067 7.8000
-0.2317 0.7132 7.8000
-0.2317 0.7132 7.8000
-0.4408 0.6067 7.8000
0.0000 0.0000 8.1000
0.0000 0.0000 8.1000
0.0000 0.0000 0.0000
0.0000 0.0000 0.0000
-2.4270 1.7633 0.0000
-1.7633 2.4270 0.0000
-1.7633 2.4270 0.0000
-2.4270 1.7633 0.0000
-2.2652 1.6457 0.5000
-1.6457 2.2652 0.5000
-1.6457 2.2652 0.5000
-2.2652 1.6457 0.5000
-1.7798 1.2931 1.0000
-1.2931 1.7798 1.0000
-1.2931 1.7798 1.0000
-1.7798 1.2931 1.0000
-1.2944 0.9404 1.3999
-0.9404 1.2944 1.3999
-0.9404 1.2944 1.3999
-1.2944 0.9404 1.3999
-0.8090 0.5877 1.5000
-0.5877 0.8090 1.5000
-0.5877 0.8090 1.5000
-0.8090 0.5877 1.5000
-1.9416 1.4106 1.5000
-1.4106 1.9416 1.5000
-1.4106 1.9416 1.5000
-1.9416 1.4106 1.5000
-1.9416 1.4106 1.6000
-1.4106 1.9416 1.6000
-1.4106 1.9416 1.6000
-1.9416 1.4106 1.6000
-0.8090 0.5877 1.6000
-0.5877 0.8090 1.6000
-0.5877 0.8090 1.6000
-0.8090 0.5877 1.6000
-0.8090 0.5877 5.0000
-0.5877 0.8090 5.0000
-0.5877 0.8090 5.0000
-0.8090 0.5877 5.0000
-1.6180 1.1755 5.0000
-1.1755 1.6180 5.0000
-1.1755 1.6180 5.0000
-1.6180 1.1755 5.0000
-1.6180 1.1755 5.0999
-1.1755 1.6180 5.0999
-1.1755 1.6180 5.0999
-1.6180 1.1755 5.0999
0.0000 0.0000 5.0999
0.0000 0.0000 5.0999
0.0000 0.0000 5.0999
0.0000 0.0000 5.0999
-0.6067 0.4408 5.4000
-0.4408 0.6067 5.4000
-0.4408 0.6067 5.4000
-0.6067 0.4408 5.4000
-0.9708 0.7053 5.8499
-0.7053 0.9708 5.8499
-0.7053 0.9708 5.8499
-0.9708 0.7053 5.8499
-1.2135 0.8816 6.5999
-0.8816 1.2135 6.5999
-0.8816 1.2135 6.5999
-1.2135 0.8816 6.5999
-0.9708 0.7053 7.3499
-0.7053 0.9708 7.3499
-0.7053 0.9708 7.3499
-0.9708 0.7053 7.3499
-0.6067 0.4408 7.8000
-0.4408 0.6067 7.8000
-0.4408 0.6067 7.8000
-0.6067 0.4408 7.8000
0.0000 0.0000 8.1000
0.0000 0.0000 8.1000
0.0000 0.0000 0.0000
0.0000 0.0000 0.0000
-2.8531 0.9270 0.0000
-2.4270 1.7633 0.0000
-2.4270 1.7633 0.0000
-2.8531 0.9270 0.0000
-2.6629 0.8652 0.5000
-2.2652 1.6457 0.5000
-2.2652 1.6457 0.5000
-2.6629 0.8652 0.5000
-2.0923 0.6798 1.0000
-1.7798 1.2931 1.0000
-1.7798 1.2931 1.0000
-2.0923 0.6798 1.0000
-1.5216 0.4944 1.3999
-1.2944 0.9404 1.3999
-1.2944 0.9404 1.3999
-1.5216 0.4944 1.3999
-0.9510 0.3090 1.5000
-0.8090 0.5877 1.5000
-0.8090 0.5877 1.5000
-0.9510 0.3090 1.5000
-2.2825 0.7416 1.5000
-1.9416 1.4106 1.5000
-1.9416 1.4106 1.5000
-2.2825 0.7416 1.5000
-2.2825 0.7416 1.6000
-1.9416 1.4106 1.6000
-1.9416 1.4106 1.6000
-2.2825 0.7416 1.6000
-0.9510 0.3090 1.6000
-0.8090 0.5877 1.6000
-0.8090 0.5877 1.6000
-0.9510 0.3090 1.6000
-0.9510 0.3090 5.0000
-0.8090 0.5877 5.0000
-0.8090 0.5877 5.0000
-0.9510 0.3090 5.0000
-1.9021 0.6180 5.0000
-1.6180 1.1755 5.0000
-1.6180 1.1755 5.0000
-1.9021 0.6180 5.0000
-1.9021 0.6180 5.0999
-1.6180 1.1755 5.0999
-1.6180 1.1755 5.0999
-1.9021 0.6180 5.0999
0.0000 0.0000 5.0999
0.0000 0.0000 5.0999
0.0000 0.0000 5.0999
0.0000 0.0000 5.0999
-0.7132 0.2317 5.4000
-0.6067 0.4408 5.4000
-0.6067 0.4408 5.4000
-0.7132 0.2317 5.4000
-1.1412 0.3708 5.8499
-0.9708 0.7053 5.8499
-0.9708 0.7053 5.8499
-1.1412 0.3708 5.8499
-1.4265 0.4635 6.5999
-1.2135 0.8816 6.5999
-1.2135 0.8816 6.5999
-1.4265 0.4635 6.5999
-1.1412 0.3708 7.3499
-0.9708 0.7053 7.3499
-0.9708 0.7053 7.3499
-1.1412 0.3708 7.3499
-0.7132 0.2317 7.8000
-0.6067 0.4408 7.8000
-0.6067 0.4408 7.8000
-0.7132 0.2317 7.8000
0.0000 0.0000 8.1000
0.0000 0.0000 8.1000
0.0000 0.0000 0.0000
0.0000 0.0000 0.0000
-2.9999 0.0000 0.0000
-2.8531 0.9270 0.0000
-2.8531 0.9270 0.0000
-2.9999 0.0000 0.0000
-2.7999 0.0000 0.5000
-2.6629 0.8652 0.5000
-2.6629 0.8652 0.5000
-2.7999 0.0000 0.5000
-2.1999 0.0000 1.0000
-2.0923 0.6798 1.0000
-2.0923 0.6798 1.0000
-2.1999 0.0000 1.0000
-1.5999 0.0000 1.3999
-1.5216 0.4944 1.3999
-1.5216 0.4944 1.3999
-1.5999 0.0000 1.3999
-0.9999 0.0000 1.5000
-0.9510 0.3090 1.5000
-0.9510 0.3090 1.5000
-0.9999 0.0000 1.5000
-2.3999 0.0000 1.5000
-2.2825 0.7416 1.5000
-2.2825 0.7416 1.5000
-2.3999 0.0000 1.5000
-2.3999 0.0000 1.6000
-2.2825 0.7416 1.6000
-2.2825 0.7416 1.6000
-2.3999 0.0000 1.6000
-0.9999 0.0000 1.6000
-0.9510 0.3090 1.6000
-0.9510 0.3090 1.6000
-0.9999 0.0000 1.6000
-0.9999 0.0000 5.0000
-0.9510 0.3090 5.0000
-0.9510 0.3090 5.0000
-0.9999 0.0000 5.0000
-1.9999 0.0000 5.0000
-1.9021 0.6180 5.0000
-1.9021 0.6180 5.0000
-1.9999 0.0000 5.0000
-1.9999 0.0000 5.0999
-1.9021 0.6180 5.0999
-1.9021 0.6180 5.0999
-1.9999 0.0000 5.0999
0.0000 0.0000 5.0999
0.0000 0.0000 5.0999
0.0000 0.0000 5.0999
0.0000 0.0000 5.0999
-0.7499 0.0000 5.4000
-0.7132 0.2317 5.4000
-0.7132 0.2317 5.4000
-0.7499 0.0000 5.4000
-1.1999 0.0000 5.8499
-1.1412 0.3708 5.8499
-1.1412 0.3708 5.8499
-1.1999 0.0000 5.8499
-1.4999 0.0000 6.5999
-1.4265 0.4635 6.5999
-1.4265 0.4635 6.5999
-1.4999 0.0000 6.5999
-1.1999 0.0000 7.3499
-1.1412 0.3708 7.3499
-1.1412 0.3708 7.3499
-1.1999 0.0000 7.3499
-0.7499 0.0000 7.8000
-0.7132 0.2317 7.8000
-0.7132 0.2317 7.8000
-0.7499 0.0000 7.8000
0.0000 0.0000 8.1000
0.0000 0.0000 8.1000
0.0000 0.0000 0.0000
0.0000 0.0000 0.0000
-2.8531 -0.9270 0.0000
-2.9999 0.0000 0.0000
-2.9999 0.0000 0.0000
-2.8531 -0.9270 0.0000
-2.6629 -0.8652 0.5000
-2.7999 0.0000 0.5000
-2.7999 0.0000 0.5000
-2.6629 -0.8652 0.5000
-2.0923 -0.6798 1.0000
-2.1999 0.0000 1.0000
-2.1999 0.0000 1.0000
-2.0923 -0.6798 1.0000
-1.5216 -0.4944 1.3999
-1.5999 0.0000 1.3999
-1.5999 0.0000 1.3999
-1.5216 -0.4944 1.3999
-0.9510 -0.3090 1.5000
-0.9999 0.0000 1.5000
-0.9999 0.0000 1.5000
-0.9510 -0.3090 1.5000
-2.2825 -0.7416 1.5000
-2.3999 0.0000 1.5000
-2.3999 0.0000 1.5000
-2.2825 -0.7416 1.5000
-2.2825 -0.7416 1.6000
-2.3999 0.0000 1.6000
-2.3999 0.0000 1.6000
-2.2825 -0.7416 1.6000
-0.9510 -0.3090 1.6000
-0.9999 0.0000 1.6000
-0.9999 0.0000 1.6000
-0.9510 -0.3090 1.6000
-0.9510 -0.3090 5.0000
-0.9999 0.0000 5.0000
-0.9999 0.0000 5.0000
-0.9510 -0.3090 5.0000
-1.9021 -0.6180 5.0000
-1.9999 0.0000 5.0000
-1.9999 0.0000 5.0000
-1.9021 -0.6180 5.0000
-1.9021 -0.6180 5.0999
-1.9999 0.0000 5.0999
-1.9999 0.0000 5.0999
-1.9021 -0.6180 5.0999
0.0000 0.0000 5.0999
0.0000 0.0000 5.0999
0.0000 0.0000 5.0999
0.0000 0.0000 5.0999
-0.7132 -0.2317 5.4000
-0.7499 0.0000 5.4000
-0.7499 0.0000 5.4000
-0.7132 -0.2317 5.4000
-1.1412 -0.3708 5.8499
-1.1999 0.0000 5.8499
-1.1999 0.0000 5.8499
-1.1412 -0.3708 5.8499
-1.4265 -0.4635 6.5999
-1.4999 0.0000 6.5999
-1.4999 0.0000 6.5999
-1.4265 -0.4635 6.5999
-1.1412 -0.3708 7.3499
-1.1999 0.0000 7.3499
-1.1999 0.0000 7.3499
-1.1412 -0.3708 7.3499
-0.7132 -0.2317 7.8000
-0.7499 0.0000 7.8000
-0.7499 0.0000 7.8000
-0.7132 -0.2317 7.8000
0.0000 0.0000 8.1000
0.0000 0.0000 8.1000
0.0000 0.0000 0.0000
0.0000 0.0000 0.0000
-2.4270 -1.7633 0.0000
-2.8531 -0.9270 0.0000
-2.8531 -0.9270 0.0000
-2.4270 -1.7633 0.0000
-2.2652 -1.6457 0.5000
-2.6629 -0.8652 0.5000
-2.6629 -0.8652 0.5000
-2.2652 -1.6457 0.5000
-1.7798 -1.2931 1.0000
-2.0923 -0.6798 1.0000
-2.0923 -0.6798 1.0000
-1.7798 -1.2931 1.0000
-1.2944 -0.9404 1.3999
-1.5216 -0.4944 1.3999
-1.5216 -0.4944 1.3999
-1.2944 -0.9404 1.3999
-0.8090 -0.5877 1.5000
-0.9510 -0.3090 1.5000
-0.9510 -0.3090 1.5000
-0.8090 -0.5877 1.5000
-1.9416 -1.4106 1.5000
-2.2825 -0.7416 1.5000
-2.2825 -0.7416 1.5000
-1.9416 -1.4106 1.5000
-1.9416 -1.4106 1.6000
-2.2825 -0.7416 1.6000
-2.2825 -0.7416 1.6000
-1.9416 -1.4106 1.6000
-0.8090 -0.5877 1.6000
-0.9510 -0.3090 1.6000
-0.9510 -0.3090 1.6000
-0.8090 -0.5877 1.6000
-0.8090 -0.5877 5.0000
-0.9510 -0.3090 5.0000
-0.9510 -0.3090 5.0000
-0.8090 -0.5877 5.0000
-1.6180 -1.1755 5.0000
-1.9021 -0.6180 5.0000
-1.9021 -0.6180 5.0000
-1.6180 -1.1755 5.0000
-1.6180 -1.1755 5.0999
-1.9021 -0.6180 5.0999
-1.9021 -0.6180 5.0999
-1.6180 -1.1755 5.0999
0.0000 0.0000 5.0999
0.0000 0.0000 5.0999
0.0000 0.0000 5.0999
0.0000 0.0000 5.0999
-0.6067 -0.4408 5.4000
-0.7132 -0.2317 5.4000
-0.7132 -0.2317 5.4000
-0.6067 -0.4408 5.4000
-0.9708 -0.7053 5.8499
-1.1412 -0.3708 5.8499
-1.1412 -0.3708 5.8499
-0.9708 -0.7053 5.8499
-1.2135 -0.8816 6.5999
-1.4265 -0.4635 6.5999
-1.4265 -0.4635 6.5999
-1.2135 -0.8816 6.5999
-0.9708 -0.7053 7.3499
-1.1412 -0.3708 7.3499
-1.1412 -0.3708 7.3499
-0.9708 -0.7053 7.3499
-0.6067 -0.4408 7.8000
-0.7132 -0.2317 7.8000
-0.7132 -0.2317 7.8000
-0.6067 -0.4408 7.8000
0.0000 0.0000 8.1000
0.0000 0.0000 8.1000
0.0000 0.0000 0.0000
0.0000 0.0000 0.0000
-1.7633 -2.4270 0.0000
-2.4270 -1.7633 0.0000
-2.4270 -1.7633 0.0000
-1.7633 -2.4270 0.0000
-1.6457 -2.2652 0.5000
-2.2652 -1.6457 0.5000
-2.2652 -1.6457 0.5000
-1.6457 -2.2652 0.5000
-1.2931 -1.7798 1.0000
-1.7798 -1.2931 1.0000
-1.7798 -1.2931 1.0000
-1.2931 -1.7798 1.0000
-0.9404 -1.2944 1.3999
-1.2944 -0.9404 1.3999
-1.2944 -0.9404 1.3999
-0.9404 -1.2944 1.3999
-0.5877 -0.8090 1.5000
-0.8090 -0.5877 1.5000
-0.8090 -0.5877 1.5000
-0.5877 -0.8090 1.5000
-1.4106 -1.9416 1.5000
-1.9416 -1.4106 1.5000
-1.9416 -1.4106 1.5000
-1.4106 -1.9416 1.5000
-1.4106 -1.9416 1.6000
-1.9416 -1.4106 1.6000
-1.9416 -1.4106 1.6000
-1.4106 -1.9416 1.6000
-0.5877 -0.8090 1.6000
-0.8090 -0.5877 1.6000
-0.8090 -0.5877 1.6000
-0.5877 -0.8090 1.6000
-0.5877 -0.8090 5.0000
-0.8090 -0.5877 5.0000
-0.8090 -0.5877 5.0000
-0.5877 -0.8090 5.0000
-1.1755 -1.6180 5.0000
-1.6180 -1.1755 5.0000
-1.6180 -1.1755 5.0000
-1.1755 -1.6180 5.0000
-1.1755 -1.6180 5.0999
-1.6180 -1.1755 5.0999
-1.6180 -1.1755 5.0999
-1.1755 -1.6180 5.0999
0.0000 0.0000 5.0999
0.0000 0.0000 5.0999
0.0000 0.0000 5.0999
0.0000 0.0000 5.0999
-0.4408 -0.6067 5.4000
-0.6067 -0.4408 5.4000
-0.6067 -0.4408 5.4000
-0.4408 -0.6067 5.4000
-0.7053 -0.9708 5.8499
-0.9708 -0.7053 5.8499
-0.9708 -0.7053 5.8499
-0.7053 -0.9708 5.8499
-0.8816 -1.2135 6.5999
-1.2135 -0.8816 6.5999
-1.2135 -0.8816 6.5999
-0.8816 -1.2135 6.5999
-0.7053 -0.9708 7.3499
-0.9708 -0.7053 7.3499
-0.9708 -0.7053 7.3499
-0.7053 -0.9708 7.3499
-0.4408 -0.6067 7.8000
-0.6067 -0.4408 7.8000
-0.6067 -0.4408 7.8000
-0.4408 -0.6067 7.8000
0.0000 0.0000 8.1000
0.0000 0.0000 8.1000
0.0000 0.0000 0.0000
0.0000 0.0000 0.0000
-0.9270 -2.8531 0.0000
-1.7633 -2.4270 0.0000
-1.7633 -2.4270 0.0000
-0.9270 -2.8531 0.0000
-0.8652 -2.6629 0.5000
-1.6457 -2.2652 0.5000
-1.6457 -2.2652 0.5000
-0.8652 -2.6629 0.5000
-0.6798 -2.0923 1.0000
-1.2931 -1.7798 1.0000
-1.2931 -1.7798 1.0000
-0.6798 -2.0923 1.0000
-0.4944 -1.5216 1.3999
-0.9404 -1.2944 1.3999
-0.9404 -1.2944 1.3999
-0.4944 -1.5216 1.3999
-0.3090 -0.9510 1.5000
-0.5877 -0.8090 1.5000
-0.5877 -0.8090 1.5000
-0.3090 -0.9510 1.5000
-0.7416 -2.2825 1.5000
-1.4106 -1.9416 1.5000
-1.4106 -1.9416 1.5000
-0.7416 -2.2825 1.5000
-0.7416 -2.2825 1.6000
-1.4106 -1.9416 1.6000
-1.4106 -1.9416 1.6000
-0.7416 -2.2825 1.6000
-0.3090 -0.9510 1.6000
-0.5877 -0.8090 1.6000
-0.5877 -0.8090 1.6000
-0.3090 -0.9510 1.6000
-0.3090 -0.9510 5.0000
-0.5877 -0.8090 5.0000
-0.5877 -0.8090 5.0000
-0.3090 -0.9510 5.0000
-0.6180 -1.9021 5.0000
-1.1755 -1.6180 5.0000
-1.1755 -1.6180 5.0000
-0.6180 -1.9021 5.0000
-0.6180 -1.9021 5.0999
-1.1755 -1.6180 5.0999
-1.1755 -1.6180 5.0999
-0.6180 -1.9021 5.0999
0.0000 0.0000 5.0999
0.0000 0.0000 5.0999
0.0000 0.0000 5.0999
0.0000 0.0000 5.0999
-0.2317 -0.7132 5.4000
-0.4408 -0.6067 5.4000
-0.4408 -0.6067 5.4000
-0.2317 -0.7132 5.4000
-0.3708 -1.1412 5.8499
-0.7053 -0.9708 5.8499
-0.7053 -0.9708 5.8499
-0.3708 -1.1412 5.8499
-0.4635 -1.4265 6.5999
-0.8816 -1.2135 6.5999
-0.8816 -1.2135 6.5999
-0.4635 -1.4265 6.5999
-0.3708 -1.1412 7.3499
-0.7053 -0.9708 7.3499
-0.7053 -0.9708 7.3499
-0.3708 -1.1412 7.3499
-0.2317 -0.7132 7.8000
-0.4408 -0.6067 7.8000
-0.4408 -0.6067 7.8000
-0.2317 -0.7132 7.8000
0.0000 0.0000 8.1000
0.0000 0.0000 8.1000
0.0000 0.0000 0.0000
0.0000 0.0000 0.0000
0.0000 -2.9999 0.0000
-0.9270 -2.8531 0.0000
-0.9270 -2.8531 0.0000
0.0000 -2.9999 0.0000
0.0000 -2.7999 0.5000
-0.8652 -2.6629 0.5000
-0.8652 -2.6629 0.5000
0.0000 -2.7999 0.5000
0.0000 -2.1999 1.0000
-0.6798 -2.0923 1.0000
-0.6798 -2.0923 1.0000
0.0000 -2.1999 1.0000
0.0000 -1.5999 1.3999
-0.4944 -1.5216 1.3999
-0.4944 -1.5216 1.3999
0.0000 -1.5999 1.3999
0.0000 -0.9999 1.5000
-0.3090 -0.9510 1.5000
-0.3090 -0.9510 1.5000
0.0000 -0.9999 1.5000
0.0000 -2.3999 1.5000
-0.7416 -2.2825 1.5000
-0.7416 -2.2825 1.5000
0.0000 -2.3999 1.5000
0.0000 -2.3999 1.6000
-0.7416 -2.2825 1.6000
-0.7416 -2.2825 1.6000
0.0000 -2.3999 1.6000
0.0000 -0.9999 1.6000
-0.3090 -0.9510 1.6000
-0.3090 -0.9510 1.6000
0.0000 -0.9999 1.6000
0.0000 -0.9999 5.0000
-0.3090 -0.9510 5.0000
-0.3090 -0.9510 5.0000
0.0000 -0.9999 5.0000
0.0000 -1.9999 5.0000
-0.6180 -1.9021 5.0000
-0.6180 -1.9021 5.0000
0.0000 -1.9999 5.0000
0.0000 -1.9999 5.0999
-0.6180 -1.9021 5.0999
-0.6180 -1.9021 5.0999
0.0000 -1.9999 5.0999
0.0000 0.0000 5.0999
0.0000 0.0000 5.0999
0.0000 0.0000 5.0999
0.0000 0.0000 5.0999
0.0000 -0.7499 5.4000
-0.2317 -0.7132 5.4000
-0.2317 -0.7132 5.4000
0.0000 -0.7499 5.4000
0.0000 -1.1999 5.8499
-0.3708 -1.1412 5.8499
-0.3708 -1.1412 5.8499
0.0000 -1.1999 5.8499
0.0000 -1.4999 6.5999
-0.4635 -1.4265 6.5999
-0.4635 -1.4265 6.5999
0.0000 -1.4999 6.5999
0.0000 -1.1999 7.3499
-0.3708 -1.1412 7.3499
-0.3708 -1.1412 7.3499
0.0000 -1.1999 7.3499
0.0000 -0.7499 7.8000
-0.2317 -0.7132 7.8000
-0.2317 -0.7132 7.8000
0.0000 -0.7499 7.8000
0.0000 0.0000 8.1000
0.0000 0.0000 8.1000
0.0000 0.0000 0.0000
0.0000 0.0000 0.0000
0.9270 -2.8531 0.0000
0.0000 -2.9999 0.0000
0.0000 -2.9999 0.0000
0.9270 -2.8531 0.0000
0.8652 -2.6629 0.5000
0.0000 -2.7999 0.5000
0.0000 -2.7999 0.5000
0.8652 -2.6629 0.5000
0.6798 -2.0923 1.0000
0.0000 -2.1999 1.0000
0.0000 -2.1999 1.0000
0.6798 -2.0923 1.0000
0.4944 -1.5216 1.3999
0.0000 -1.5999 1.3999
0.0000 -1.5999 1.3999
0.4944 -1.5216 1.3999
0.3090 -0.9510 1.5000
0.0000 -0.9999 1.5000
0.0000 -0.9999 1.5000
0.3090 -0.9510 1.5000
0.7416 -2.2825 1.5000
0.0000 -2.3999 1.5000
0.0000 -2.3999 1.5000
0.7416 -2.2825 1.5000
0.7416 -2.2825 1.6000
0.0000 -2.3999 1.6000
0.0000 -2.3999 1.6000
0.7416 -2.2825 1.6000
0.3090 -0.9510 1.6000
0.0000 -0.9999 1.6000
0.0000 -0.9999 1.6000
0.3090 -0.9510 1.6000
0.3090 -0.9510 5.0000
0.0000 -0.9999 5.0000
0.0000 -0.9999 5.0000
0.3090 -0.9510 5.0000
0.6180 -1.9021 5.0000
0.0000 -1.9999 5.0000
0.0000 -1.9999 5.0000
0.6180 -1.9021 5.0000
0.6180 -1.9021 5.0999
0.0000 -1.9999 5.0999
0.0000 -1.9999 5.0999
0.6180 -1.9021 5.0999
0.0000 0.0000 5.0999
0.0000 0.0000 5.0999
0.0000 0.0000 5.0999
0.0000 0.0000 5.0999
0.2317 -0.7132 5.4000
0.0000 -0.7499 5.4000
0.0000 -0.7499 5.4000
0.2317 -0.7132 5.4000
0.3708 -1.1412 5.8499
0.0000 -1.1999 5.8499
0.0000 -1.1999 5.8499
0.3708 -1.1412 5.8499
0.4635 -1.4265 6.5999
0.0000 -1.4999 6.5999
0.0000 -1.4999 6.5999
0.4635 -1.4265 6.5999
0.3708 -1.1412 7.3499
0.0000 -1.1999 7.3499
0.0000 -1.1999 7.3499
0.3708 -1.1412 7.3499
0.2317 -0.7132 7.8000
0.0000 -0.7499 7.8000
0.0000 -0.7499 7.8000
0.2317 -0.7132 7.8000
0.0000 0.0000 8.1000
0.0000 0.0000 8.1000
0.0000 0.0000 0.0000
0.0000 0.0000 0.0000
1.7633 -2.4270 0.0000
0.9270 -2.8531 0.0000
0.9270 -2.8531 0.0000
1.7633 -2.4270 0.0000
1.6457 -2.2652 0.5000
0.8652 -2.6629 0.5000
0.8652 -2.6629 0.5000
1.6457 -2.2652 0.5000
1.2931 -1.7798 1.0000
0.6798 -2.0923 1.0000
0.6798 -2.0923 1.0000
1.2931 -1.7798 1.0000
0.9404 -1.2944 1.3999
0.4944 -1.5216 1.3999
0.4944 -1.5216 1.3999
0.9404 -1.2944 1.3999
0.5877 -0.8090 1.5000
0.3090 -0.9510 1.5000
0.3090 -0.9510 1.5000
0.5877 -0.8090 1.5000
1.4106 -1.9416 1.5000
0.7416 -2.2825 1.5000
0.7416 -2.2825 1.5000
1.4106 -1.9416 1.5000
1.4106 -1.9416 1.6000
0.7416 -2.2825 1.6000
0.7416 -2.2825 1.6000
1.4106 -1.9416 1.6000
0.5877 -0.8090 1.6000
0.3090 -0.9510 1.6000
0.3090 -0.9510 1.6000
0.5877 -0.8090 1.6000
0.5877 -0.8090 5.0000
0.3090 -0.9510 5.0000
0.3090 -0.9510 5.0000
0.5877 -0.8090 5.0000
1.1755 -1.6180 5.0000
0.6180 -1.9021 5.0000
0.6180 -1.9021 5.0000
1.1755 -1.6180 5.0000
1.1755 -1.6180 5.0999
0.6180 -1.9021 5.0999
0.6180 -1.9021 5.0999
1.1755 -1.6180 5.0999
0.0000 0.0000 5.0999
0.0000 0.0000 5.0999
0.0000 0.0000 5.0999
0.0000 0.0000 5.0999
0.4408 -0.6067 5.4000
0.2317 -0.7132 5.4000
0.2317 -0.7132 5.4000
0.4408 -0.6067 5.4000
0.7053 -0.9708 5.8499
0.3708 -1.1412 5.8499
0.3708 -1.1412 5.8499
0.7053 -0.9708 5.8499
0.8816 -1.2135 6.5999
0.4635 -1.4265 6.5999
0.4635 -1.4265 6.5999
0.8816 -1.2135 6.5999
0.7053 -0.9708 7.3499
0.3708 -1.1412 7.3499
0.3708 -1.1412 7.3499
0.7053 -0.9708 7.3499
0.4408 -0.6067 7.8000
0.2317 -0.7132 7.8000
0.2317 -0.7132 7.8000
0.4408 -0.6067 7.8000
0.0000 0.0000 8.1000
0.0000 0.0000 8.1000
0.0000 0.0000 0.0000
0.0000 0.0000 0.0000
2.4270 -1.7633 0.0000
1.7633 -2.4270 0.0000
1.7633 -2.4270 0.0000
2.4270 -1.7633 0.0000
2.2652 -1.6457 0.5000
1.6457 -2.2652 0.5000
1.6457 -2.2652 0.5000
2.2652 -1.6457 0.5000
1.7798 -1.2931 1.0000
1.2931 -1.7798 1.0000
1.2931 -1.7798 1.0000
1.7798 -1.2931 1.0000
1.2944 -0.9404 1.3999
0.9404 -1.2944 1.3999
0.9404 -1.2944 1.3999
1.2944 -0.9404 1.3999
0.8090 -0.5877 1.5000
0.5877 -0.8090 1.5000
0.5877 -0.8090 1.5000
0.8090 -0.5877 1.5000
1.9416 -1.4106 1.5000
1.4106 -1.9416 1.5000
1.4106 -1.9416 1.5000
1.9416 -1.4106 1.5000
1.9416 -1.4106 1.6000
1.4106 -1.9416 1.6000
1.4106 -1.9416 1.6000
1.9416 -1.4106 1.6000
0.8090 -0.5877 1.6000
0.5877 -0.8090 1.6000
0.5877 -0.8090 1.6000
0.8090 -0.5877 1.6000
0.8090 -0.5877 5.0000
0.5877 -0.8090 5.0000
0.5877 -0.8090 5.0000
0.8090 -0.5877 5.0000
1.6180 -1.1755 5.0000
1.1755 -1.6180 5.0000
1.1755 -1.6180 5.0000
1.6180 -1.1755 5.0000
1.6180 -1.1755 5.0999
1.1755 -1.6180 5.0999
1.1755 -1.6180 5.0999
1.6180 -1.1755 5.0999
0.0000 0.0000 5.0999
0.0000 0.0000 5.0999
0.0000 0.0000 5.0999
0.0000 0.0000 5.0999
0.6067 -0.4408 5.4000
0.4408 -0.6067 5.4000
0.4408 -0.6067 5.4000
0.6067 -0.4408 5.4000
0.9708 -0.7053 5.8499
0.7053 -0.9708 5.8499
0.7053 -0.9708 5.8499
0.9708 -0.7053 5.8499
1.2135 -0.8816 6.5999
0.8816 -1.2135 6.5999
0.8816 -1.2135 6.5999
1.2135 -0.8816 6.5999
0.9708 -0.7053 7.3499
0.7053 -0.9708 7.3499
0.7053 -0.9708 7.3499
0.9708 -0.7053 7.3499
0.6067 -0.4408 7.8000
0.4408 -0.6067 7.8000
0.4408 -0.6067 7.8000
0.6067 -0.4408 7.8000
0.0000 0.0000 8.1000
0.0000 0.0000 8.1000
0.0000 0.0000 0.0000
0.0000 0.0000 0.0000
2.8531 -0.9270 0.0000
2.4270 -1.7633 0.0000
2.4270 -1.7633 0.0000
2.8531 -0.9270 0.0000
2.6629 -0.8652 0.5000
2.2652 -1.6457 0.5000
2.2652 -1.6457 0.5000
2.6629 -0.8652 0.5000
2.0923 -0.6798 1.0000
1.7798 -1.2931 1.0000
1.7798 -1.2931 1.0000
2.0923 -0.6798 1.0000
1.5216 -0.4944 1.3999
1.2944 -0.9404 1.3999
1.2944 -0.9404 1.3999
1.5216 -0.4944 1.3999
0.9510 -0.3090 1.5000
0.8090 -0.5877 1.5000
0.8090 -0.5877 1.5000
0.9510 -0.3090 1.5000
2.2825 -0.7416 1.5000
1.9416 -1.4106 1.5000
1.9416 -1.4106 1.5000
2.2825 -0.7416 1.5000
2.2825 -0.7416 1.6000
1.9416 -1.4106 1.6000
1.9416 -1.4106 1.6000
2.2825 -0.7416 1.6000
0.9510 -0.3090 1.6000
0.8090 -0.5877 1.6000
0.8090 -0.5877 1.6000
0.9510 -0.3090 1.6000
0.9510 -0.3090 5.0000
0.8090 -0.5877 5.0000
0.8090 -0.5877 5.0000
0.9510 -0.3090 5.0000
1.9021 -0.6180 5.0000
1.6180 -1.1755 5.0000
1.6180 -1.1755 5.0000
1.9021 -0.6180 5.0000
1.9021 -0.6180 5.0999
1.6180 -1.1755 5.0999
1.6180 -1.1755 5.0999
1.9021 -0.6180 5.0999
0.0000 0.0000 5.0999
0.0000 0.0000 5.0999
0.0000 0.0000 5.0999
0.0000 0.0000 5.0999
0.7132 -0.2317 5.4000
0.6067 -0.4408 5.4000
0.6067 -0.4408 5.4000
0.7132 -0.2317 5.4000
1.1412 -0.3708 5.8499
0.9708 -0.7053 5.8499
0.9708 -0.7053 5.8499
1.1412 -0.3708 5.8499
1.4265 -0.4635 6.5999
1.2135 -0.8816 6.5999
1.2135 -0.8816 6.5999
1.4265 -0.4635 6.5999
1.1412 -0.3708 7.3499
0.9708 -0.7053 7.3499
0.9708 -0.7053 7.3499
1.1412 -0.3708 7.3499
0.7132 -0.2317 7.8000
0.6067 -0.4408 7.8000
0.6067 -0.4408 7.8000
0.7132 -0.2317 7.8000
0.0000 0.0000 8.1000
0.0000 0.0000 8.1000
0.0000 0.0000 0.0000
0.0000 0.0000 0.0000
2.9999 0.0000 0.0000
2.8531 -0.9270 0.0000
2.8531 -0.9270 0.0000
2.9999 0.0000 0.0000
2.7999 0.0000 0.5000
2.6629 -0.8652 0.5000
2.6629 -0.8652 0.5000
2.7999 0.0000 0.5000
2.1999 0.0000 1.0000
2.0923 -0.6798 1.0000
2.0923 -0.6798 1.0000
2.1999 0.0000 1.0000
1.5999 0.0000 1.3999
1.5216 -0.4944 1.3999
1.5216 -0.4944 1.3999
1.5999 0.0000 1.3999
0.9999 0.0000 1.5000
0.9510 -0.3090 1.5000
0.9510 -0.3090 1.5000
0.9999 0.0000 1.5000
2.3999 0.0000 1.5000
2.2825 -0.7416 1.5000
2.2825 -0.7416 1.5000
2.3999 0.0000 1.5000
2.3999 0.0000 1.6000
2.2825 -0.7416 1.6000
2.2825 -0.7416 1.6000
2.3999 0.0000 1.6000
0.9999 0.0000 1.6000
0.9510 -0.3090 1.6000
0.9510 -0.3090 1.6000
0.9999 0.0000 1.6000
0.9999 0.0000 5.0000
0.9510 -0.3090 5.0000
0.9510 -0.3090 5.0000
0.9999 0.0000 5.0000
1.9999 0.0000 5.0000
1.9021 -0.6180 5.0000
1.9021 -0.6180 5.0000
1.9999 0.0000 5.0000
1.9999 0.0000 5.0999
1.9021 -0.6180 5.0999
1.9021 -0.6180 5.0999
1.9999 0.0000 5.0999
0.0000 0.0000 5.0999
0.0000 0.0000 5.0999
0.0000 0.0000 5.0999
0.0000 0.0000 5.0999
0.7499 0.0000 5.4000
0.7132 -0.2317 5.4000
0.7132 -0.2317 5.4000
0.7499 0.0000 5.4000
1.1999 0.0000 5.8499
1.1412 -0.3708 5.8499
1.1412 -0.3708 5.8499
1.1999 0.0000 5.8499
1.4999 0.0000 6.5999
1.4265 -0.4635 6.5999
1.4265 -0.4635 6.5999
1.4999 0.0000 6.5999
1.1999 0.0000 7.3499
1.1412 -0.3708 7.3499
1.1412 -0.3708 7.3499
1.1999 0.0000 7.3499
0.7499 0.0000 7.8000
0.7132 -0.2317 7.8000
0.7132 -0.2317 7.8000
0.7499 0.0000 7.8000
0.0000 0.0000 8.1000
0.0000 0.0000 8.1000
0.0000 0.0000 0.0000
0.0000 0.0000 0.0000
2.8531 0.9270 0.0000
2.9999 0.0000 0.0000
2.9999 0.0000 0.0000
2.8531 0.9270 0.0000
2.6629 0.8652 0.5000
2.7999 0.0000 0.5000
2.7999 0.0000 0.5000
2.6629 0.8652 0.5000
2.0923 0.6798 1.0000
2.1999 0.0000 1.0000
2.1999 0.0000 1.0000
2.0923 0.6798 1.0000
1.5216 0.4944 1.3999
1.5999 0.0000 1.3999
1.5999 0.0000 1.3999
1.5216 0.4944 1.3999
0.9510 0.3090 1.5000
0.9999 0.0000 1.5000
0.9999 0.0000 1.5000
0.9510 0.3090 1.5000
2.2825 0.7416 1.5000
2.3999 0.0000 1.5000
2.3999 0.0000 1.5000
2.2825 0.7416 1.5000
2.2825 0.7416 1.6000
2.3999 0.0000 1.6000
2.3999 0.0000 1.6000
2.2825 0.7416 1.6000
0.9510 0.3090 1.6000
0.9999 0.0000 1.6000
0.9999 0.0000 1.6000
0.9510 0.3090 1.6000
0.9510 0.3090 5.0000
0.9999 0.0000 5.0000
0.9999 0.0000 5.0000
0.9510 0.3090 5.0000
1.9021 0.6180 5.0000
1.9999 0.0000 5.0000
1.9999 0.0000 5.0000
1.9021 0.6180 5.0000
1.9021 0.6180 5.0999
1.9999 0.0000 5.0999
1.9999 0.0000 5.0999
1.9021 0.6180 5.0999
0.0000 0.0000 5.0999
0.0000 0.0000 5.0999
0.0000 0.0000 5.0999
0.0000 0.0000 5.0999
0.7132 0.2317 5.4000
0.7499 0.0000 5.4000
0.7499 0.0000 5.4000
0.7132 0.2317 5.4000
1.1412 0.3708 5.8499
1.1999 0.0000 5.8499
1.1999 0.0000 5.8499
1.1412 0.3708 5.8499
1.4265 0.4635 6.5999
1.4999 0.0000 6.5999
1.4999 0.0000 6.5999
1.4265 0.4635 6.5999
1.1412 0.3708 7.3499
1.1999 0.0000 7.3499
1.1999 0.0000 7.3499
1.1412 0.3708 7.3499
0.7132 0.2317 7.8000
0.7499 0.0000 7.8000
0.7499 0.0000 7.8000
0.7132 0.2317 7.8000
0.0000 0.0000 8.1000
0.0000 0.0000 8.1000
0.0000 0.0000 0.0000
0.0000 0.0000 0.0000
2.4270 1.7633 0.0000
2.8531 0.9270 0.0000
2.8531 0.9270 0.0000
2.4270 1.7633 0.0000
2.2652 1.6457 0.5000
2.6629 0.8652 0.5000
2.6629 0.8652 0.5000
2.2652 1.6457 0.5000
1.7798 1.2931 1.0000
2.0923 0.6798 1.0000
2.0923 0.6798 1.0000
1.7798 1.2931 1.0000
1.2944 0.9404 1.3999
1.5216 0.4944 1.3999
1.5216 0.4944 1.3999
1.2944 0.9404 1.3999
0.8090 0.5877 1.5000
0.9510 0.3090 1.5000
0.9510 0.3090 1.5000
0.8090 0.5877 1.5000
1.9416 1.4106 1.5000
2.2825 0.7416 1.5000
2.2825 0.7416 1.5000
1.9416 1.4106 1.5000
1.9416 1.4106 1.6000
2.2825 0.7416 1.6000
2.2825 0.7416 1.6000
1.9416 1.4106 1.6000
0.8090 0.5877 1.6000
0.9510 0.3090 1.6000
0.9510 0.3090 1.6000
0.8090 0.5877 1.6000
0.8090 0.5877 5.0000
0.9510 0.3090 5.0000
0.9510 0.3090 5.0000
0.8090 0.5877 5.0000
1.6180 1.1755 5.0000
1.9021 0.6180 5.0000
1.9021 0.6180 5.0000
1.6180 1.1755 5.0000
1.6180 1.1755 5.0999
1.9021 0.6180 5.0999
1.9021 0.6180 5.0999
1.6180 1.1755 5.0999
0.0000 0.0000 5.0999
0.0000 0.0000 5.0999
0.0000 0.0000 5.0999
0.0000 0.0000 5.0999
0.6067 0.4408 5.4000
0.7132 0.2317 5.4000
0.7132 0.2317 5.4000
0.6067 0.4408 5.4000
0.9708 0.7053 5.8499
1.1412 0.3708 5.8499
1.1412 0.3708 5.8499
0.9708 0.7053 5.8499
1.2135 0.8816 6.5999
1.4265 0.4635 6.5999
1.4265 0.4635 6.5999
1.2135 0.8816 6.5999
0.9708 0.7053 7.3499
1.1412 0.3708 7.3499
1.1412 0.3708 7.3499
0.9708 0.7053 7.3499
0.6067 0.4408 7.8000
0.7132 0.2317 7.8000
0.7132 0.2317 7.8000
0.6067 0.4408 7.8000
0.0000 0.0000 8.1000
0.0000 0.0000 8.1000
0.0000 0.0000 0.0000
0.0000 0.0000 0.0000
1.7633 2.4270 0.0000
2.4270 1.7633 0.0000
2.4270 1.7633 0.0000
1.7633 2.4270 0.0000
1.6458 2.2652 0.5000
2.2652 1.6457 0.5000
2.2652 1.6457 0.5000
1.6458 2.2652 0.5000
1.2931 1.7798 1.0000
1.7798 1.2931 1.0000
1.7798 1.2931 1.0000
1.2931 1.7798 1.0000
0.9404 1.2944 1.3999
1.2944 0.9404 1.3999
1.2944 0.9404 1.3999
0.9404 1.2944 1.3999
0.5877 0.8090 1.5000
0.8090 0.5877 1.5000
0.8090 0.5877 1.5000
0.5877 0.8090 1.5000
1.4106 1.9416 1.5000
1.9416 1.4106 1.5000
1.9416 1.4106 1.5000
1.4106 1.9416 1.5000
1.4106 1.9416 1.6000
1.9416 1.4106 1.6000
1.9416 1.4106 1.6000
1.4106 1.9416 1.6000
0.5877 0.8090 1.6000
0.8090 0.5877 1.6000
0.8090 0.5877 1.6000
0.5877 0.8090 1.6000
0.5877 0.8090 5.0000
0.8090 0.5877 5.0000
0.8090 0.5877 5.0000
0.5877 0.8090 5.0000
1.1755 1.6180 5.0000
1.6180 1.1755 5.0000
1.6180 1.1755 5.0000
1.1755 1.6180 5.0000
1.1755 1.6180 5.0999
1.6180 1.1755 5.0999
1.6180 1.1755 5.0999
1.1755 1.6180 5.0999
0.0000 0.0000 5.0999
0.0000 0.0000 5.0999
0.0000 0.0000 5.0999
0.0000 0.0000 5.0999
0.4408 0.6067 5.4000
0.6067 0.4408 5.4000
0.6067 0.4408 5.4000
0.4408 0.6067 5.4000
0.7053 0.9708 5.8499
0.9708 0.7053 5.8499
0.9708 0.7053 5.8499
0.7053 0.9708 5.8499
0.8816 1.2135 6.5999
1.2135 0.8816 6.5999
1.2135 0.8816 6.5999
0.8816 1.2135 6.5999
0.7053 0.9708 7.3499
0.9708 0.7053 7.3499
0.9708 0.7053 7.3499
0.7053 0.9708 7.3499
0.4408 0.6067 7.8000
0.6067 0.4408 7.8000
0.6067 0.4408 7.8000
0.4408 0.6067 7.8000
0.0000 0.0000 8.1000
0.0000 0.0000 8.1000
0.0000 0.0000 0.0000
0.0000 0.0000 0.0000
0.9270 2.8531 0.0000
1.7633 2.4270 0.0000
1.7633 2.4270 0.0000
0.9270 2.8531 0.0000
0.8652 2.6629 0.5000
1.6458 2.2652 0.5000
1.6458 2.2652 0.5000
0.8652 2.6629 0.5000
0.6798 2.0923 1.0000
1.2931 1.7798 1.0000
1.2931 1.7798 1.0000
0.6798 2.0923 1.0000
0.4944 1.5216 1.3999
0.9404 1.2944 1.3999
0.9404 1.2944 1.3999
0.4944 1.5216 1.3999
0.3090 0.9510 1.5000
0.5877 0.8090 1.5000
0.5877 0.8090 1.5000
0.3090 0.9510 1.5000
0.7416 2.2825 1.5000
1.4106 1.9416 1.5000
1.4106 1.9416 1.5000
0.7416 2.2825 1.5000
0.7416 2.2825 1.6000
1.4106 1.9416 1.6000
1.4106 1.9416 1.6000
0.7416 2.2825 1.6000
0.3090 0.9510 1.6000
0.5877 0.8090 1.6000
0.5877 0.8090 1.6000
0.3090 0.9510 1.6000
0.3090 0.9510 5.0000
0.5877 0.8090 5.0000
0.5877 0.8090 5.0000
0.3090 0.9510 5.0000
0.6180 1.9021 5.0000
1.1755 1.6180 5.0000
1.1755 1.6180 5.0000
0.6180 1.9021 5.0000
0.6180 1.9021 5.0999
1.1755 1.6180 5.0999
1.1755 1.6180 5.0999
0.6180 1.9021 5.0999
0.0000 0.0000 5.0999
0.0000 0.0000 5.0999
0.0000 0.0000 5.0999
0.0000 0.0000 5.0999
0.2317 0.7132 5.4000
0.4408 0.6067 5.4000
0.4408 0.6067 5.4000
0.2317 0.7132 5.4000
0.3708 1.1412 5.8499
0.7053 0.9708 5.8499
0.7053 0.9708 5.8499
0.3708 1.1412 5.8499
0.4635 1.4265 6.5999
0.8816 1.2135 6.5999
0.8816 1.2135 6.5999
0.4635 1.4265 6.5999
0.3708 1.1412 7.3499
0.7053 0.9708 7.3499
0.7053 0.9708 7.3499
0.3708 1.1412 7.3499
0.2317 0.7132 7.8000
0.4408 0.6067 7.8000
0.4408 0.6067 7.8000
0.2317 0.7132 7.8000
0.0000 0.0000 8.1000
0.0000 0.0000 8.1000
0.0000 0.0000 0.0000
0.0000 0.0000 0.0000
0.0000 3.0000 0.0000
0.9270 2.8531 0.0000
0.9270 2.8531 0.0000
0.0000 3.0000 0.0000
0.0000 2.7999 0.5000
0.8652 2.6629 0.5000
0.8652 2.6629 0.5000
0.0000 2.7999 0.5000
0.0000 2.2000 1.0000
0.6798 2.0923 1.0000
0.6798 2.0923 1.0000
0.0000 2.2000 1.0000
0.0000 1.6000 1.3999
0.4944 1.5216 1.3999
0.4944 1.5216 1.3999
0.0000 1.6000 1.3999
0.0000 1.0000 1.5000
0.3090 0.9510 1.5000
0.3090 0.9510 1.5000
0.0000 1.0000 1.5000
0.0000 2.4000 1.5000
0.7416 2.2825 1.5000
0.7416 2.2825 1.5000
0.0000 2.4000 1.5000
0.0000 2.4000 1.6000
0.7416 2.2825 1.6000
0.7416 2.2825 1.6000
0.0000 2.4000 1.6000
0.0000 1.0000 1.6000
0.3090 0.9510 1.6000
0.3090 0.9510 1.6000
0.0000 1.0000 1.6000
0.0000 1.0000 5.0000
0.3090 0.9510 5.0000
0.3090 0.9510 5.0000
0.0000 1.0000 5.0000
0.0000 2.0000 5.0000
0.6180 1.9021 5.0000
0.6180 1.9021 5.0000
0.0000 2.0000 5.0000
0.0000 2.0000 5.0999
0.6180 1.9021 5.0999
0.6180 1.9021 5.0999
0.0000 2.0000 5.0999
0.0000 0.0000 5.0999
0.0000 0.0000 5.0999
0.0000 0.0000 5.0999
0.0000 0.0000 5.0999
0.0000 0.7500 5.4000
0.2317 0.7132 5.4000
0.2317 0.7132 5.4000
0.0000 0.7500 5.4000
0.0000 1.2000 5.8499
0.3708 1.1412 5.8499
0.3708 1.1412 5.8499
0.0000 1.2000 5.8499
0.0000 1.5000 6.5999
0.4635 1.4265 6.5999
0.4635 1.4265 6.5999
0.0000 1.5000 6.5999
0.0000 1.2000 7.3499
0.3708 1.1412 7.3499
0.3708 1.1412 7.3499
0.0000 1.2000 7.3499
0.0000 0.7500 7.8000
0.2317 0.7132 7.8000
0.2317 0.7132 7.8000
0.0000 0.7500 7.8000
0.0000 0.0000 8.1000
0.0000 0.0000 8.1000
