Toroide
400
0.0000 0.9999 0.0000
-0.3090 0.9510 0.0000
-0.3052 0.9394 0.0772
0.0000 0.9877 0.0772
0.0000 0.9877 0.0772
-0.3052 0.9394 0.0772
-0.2942 0.9056 0.1469
0.0000 0.9522 0.1469
0.0000 0.9522 0.1469
-0.2942 0.9056 0.1469
-0.2771 0.8530 0.2022
0.0000 0.8969 0.2022
0.0000 0.8969 0.2022
-0.2771 0.8530 0.2022
-0.2556 0.7867 0.2377
0.0000 0.8272 0.2377
0.0000 0.8272 0.2377
-0.2556 0.7867 0.2377
-0.2317 0.7132 0.2499
0.0000 0.7499 0.2499
0.0000 0.7499 0.2499
-0.2317 0.7132 0.2499
-0.2078 0.6398 0.2377
0.0000 0.6727 0.2377
0.0000 0.6727 0.2377
-0.2078 0.6398 0.2377
-0.1863 0.5735 0.2022
0.0000 0.6030 0.2022
0.0000 0.6030 0.2022
-0.1863 0.5735 0.2022
-0.1692 0.5209 0.1469
0.0000 0.5477 0.1469
0.0000 0.5477 0.1469
-0.1692 0.5209 0.1469
-0.1582 0.4871 0.0772
0.0000 0.5122 0.0772
0.0000 0.5122 0.0772
-0.1582 0.4871 0.0772
-0.1545 0.4755 0.0000
0.0000 0.4999 0.0000
0.0000 0.4999 0.0000
-0.1545 0.4755 0.0000
-0.1582 0.4871 -0.0772
0.0000 0.5122 -0.0772
0.0000 0.5122 -0.0772
-0.1582 0.4871 -0.0772
-0.1692 0.5209 -0.1469
0.0000 0.5477 -0.1469
0.0000 0.5477 -0.1469
-0.1692 0.5209 -0.1469
-0.1863 0.5735 -0.2022
0.0000 0.6030 -0.2022
0.0000 0.6030 -0.2022
-0.1863 0.5735 -0.2022
-0.2078 0.6398 -0.2377
0.0000 0.6727 -0.2377
0.0000 0.6727 -0.2377
-0.2078 0.6398 -0.2377
-0.2317 0.7132 -0.2499
0.0000 0.7499 -0.2499
0.0000 0.7499 -0.2499
-0.2317 0.7132 -0.2499
-0.2556 0.7867 -0.2377
0.0000 0.8272 -0.2377
0.0000 0.8272 -0.2377
-0.2556 0.7867 -0.2377
-0.2771 0.8530 -0.2022
0.0000 0.8969 -0.2022
0.0000 0.8969 -0.2022
-0.2771 0.8530 -0.2022
-0.2942 0.9056 -0.1469
0.0000 0.9522 -0.1469
0.0000 0.9522 -0.1469
-0.2942 0.9056 -0.1469
-0.3052 0.9394 -0.0772
0.0000 0.9877 -0.0772
0.0000 0.9877 -0.0772
-0.3052 0.9394 -0.0772
-0.3090 0.9510 0.0000
0.0000 0.9999 0.0000
-0.3090 0.9510 0.0000
-0.5877 0.8090 0.0000
-0.5805 0.7991 0.0772
-0.3052 0.9394 0.0772
-0.3052 0.9394 0.0772
-0.5805 0.7991 0.0772
-0.5597 0.7703 0.1469
-0.2942 0.9056 0.1469
-0.2942 0.9056 0.1469
-0.5597 0.7703 0.1469
-0.5272 0.7256 0.2022
-0.2771 0.8530 0.2022
-0.2771 0.8530 0.2022
-0.5272 0.7256 0.2022
-0.4862 0.6692 0.2377
-0.2556 0.7867 0.2377
-0.2556 0.7867 0.2377
-0.4862 0.6692 0.2377
-0.4408 0.6067 0.2499
-0.2317 0.7132 0.2499
-0.2317 0.7132 0.2499
-0.4408 0.6067 0.2499
-0.3954 0.5442 0.2377
-0.2078 0.6398 0.2377
-0.2078 0.6398 0.2377
-0.3954 0.5442 0.2377
-0.3544 0.4878 0.2022
-0.1863 0.5735 0.2022
-0.1863 0.5735 0.2022
-0.3544 0.4878 0.2022
-0.3219 0.4431 0.1469
-0.1692 0.5209 0.1469
-0.1692 0.5209 0.1469
-0.3219 0.4431 0.1469
-0.3010 0.4144 0.0772
-0.1582 0.4871 0.0772
-0.1582 0.4871 0.0772
-0.3010 0.4144 0.0772
-0.2938 0.4045 0.0000
-0.1545 0.4755 0.0000
-0.1545 0.4755 0.0000
-0.2938 0.4045 0.0000
-0.3010 0.4144 -0.0772
-0.1582 0.4871 -0.0772
-0.1582 0.4871 -0.0772
-0.3010 0.4144 -0.0772
-0.3219 0.4431 -0.1469
-0.1692 0.5209 -0.1469
-0.1692 0.5209 -0.1469
-0.3219 0.4431 -0.1469
-0.3544 0.4878 -0.2022
-0.1863 0.5735 -0.2022
-0.1863 0.5735 -0.2022
-0.3544 0.4878 -0.2022
-0.3954 0.5442 -0.2377
-0.2078 0.6398 -0.2377
-0.2078 0.6398 -0.2377
-0.3954 0.5442 -0.2377
-0.4408 0.6067 -0.2499
-0.2317 0.7132 -0.2499
-0.2317 0.7132 -0.2499
-0.4408 0.6067 -0.2499
-0.4862 0.6692 -0.2377
-0.2556 0.7867 -0.2377
-0.2556 0.7867 -0.2377
-0.4862 0.6692 -0.2377
-0.5272 0.7256 -0.2022
-0.2771 0.8530 -0.2022
-0.2771 0.8530 -0.2022
-0.5272 0.7256 -0.2022
-0.5597 0.7703 -0.1469
-0.2942 0.9056 -0.1469
-0.2942 0.9056 -0.1469
-0.5597 0.7703 -0.1469
-0.5805 0.7991 -0.0772
-0.3052 0.9394 -0.0772
-0.3052 0.9394 -0.0772
-0.5805 0.7991 -0.0772
-0.5877 0.8090 0.0000
-0.3090 0.9510 0.0000
-0.5877 0.8090 0.0000
-0.8090 0.5877 0.0000
-0.7991 0.5805 0.0772
-0.5805 0.7991 0.0772
-0.5805 0.7991 0.0772
-0.7991 0.5805 0.0772
-0.7703 0.5597 0.1469
-0.5597 0.7703 0.1469
-0.5597 0.7703 0.1469
-0.7703 0.5597 0.1469
-0.7256 0.5272 0.2022
-0.5272 0.7256 0.2022
-0.5272 0.7256 0.2022
-0.7256 0.5272 0.2022
-0.6692 0.4862 0.2377
-0.4862 0.6692 0.2377
-0.4862 0.6692 0.2377
-0.6692 0.4862 0.2377
-0.6067 0.4408 0.2499
-0.4408 0.6067 0.2499
-0.4408 0.6067 0.2499
-0.6067 0.4408 0.2499
-0.5442 0.3954 0.2377
-0.3954 0.5442 0.2377
-0.3954 0.5442 0.2377
-0.5442 0.3954 0.2377
-0.4878 0.3544 0.2022
-0.3544 0.4878 0.2022
-0.3544 0.4878 0.2022
-0.4878 0.3544 0.2022
-0.4431 0.3219 0.1469
-0.3219 0.4431 0.1469
-0.3219 0.4431 0.1469
-0.4431 0.3219 0.1469
-0.4144 0.3010 0.0772
-0.3010 0.4144 0.0772
-0.3010 0.4144 0.0772
-0.4144 0.3010 0.0772
-0.4045 0.2938 0.0000
-0.2938 0.4045 0.0000
-0.2938 0.4045 0.0000
-0.4045 0.2938 0.0000
-0.4144 0.3010 -0.0772
-0.3010 0.4144 -0.0772
-0.3010 0.4144 -0.0772
-0.4144 0.3010 -0.0772
-0.4431 0.3219 -0.1469
-0.3219 0.4431 -0.1469
-0.3219 0.4431 -0.1469
-0.4431 0.3219 -0.1469
-0.4878 0.3544 -0.2022
-0.3544 0.4878 -0.2022
-0.3544 0.4878 -0.2022
-0.4878 0.3544 -0.2022
-0.5442 0.3954 -0.2377
-0.3954 0.5442 -0.2377
-0.3954 0.5442 -0.2377
-0.5442 0.3954 -0.2377
-0.6067 0.4408 -0.2499
-0.4408 0.6067 -0.2499
-0.4408 0.6067 -0.2499
-0.6067 0.4408 -0.2499
-0.6692 0.4862 -0.2377
-0.4862 0.6692 -0.2377
-0.4862 0.6692 -0.2377
-0.6692 0.4862 -0.2377
-0.7256 0.5272 -0.2022
-0.5272 0.7256 -0.2022
-0.5272 0.7256 -0.2022
-0.7256 0.5272 -0.2022
-0.7703 0.5597 -0.1469
-0.5597 0.7703 -0.1469
-0.5597 0.7703 -0.1469
-0.7703 0.5597 -0.1469
-0.7991 0.5805 -0.0772
-0.5805 0.7991 -0.0772
-0.5805 0.7991 -0.0772
-0.7991 0.5805 -0.0772
-0.8090 0.5877 0.0000
-0.5877 0.8090 0.0000
-0.8090 0.5877 0.0000
-0.9510 0.3090 0.0000
-0.9394 0.3052 0.0772
-0.7991 0.5805 0.0772
-0.7991 0.5805 0.0772
-0.9394 0.3052 0.0772
-0.9056 0.2942 0.1469
-0.7703 0.5597 0.1469
-0.7703 0.5597 0.1469
-0.9056 0.2942 0.1469
-0.8530 0.2771 0.2022
-0.7256 0.5272 0.2022
-0.7256 0.5272 0.2022
-0.8530 0.2771 0.2022
-0.7867 0.2556 0.2377
-0.6692 0.4862 0.2377
-0.6692 0.4862 0.2377
-0.7867 0.2556 0.2377
-0.7132 0.2317 0.2499
-0.6067 0.4408 0.2499
-0.6067 0.4408 0.2499
-0.7132 0.2317 0.2499
-0.6398 0.2078 0.2377
-0.5442 0.3954 0.2377
-0.5442 0.3954 0.2377
-0.6398 0.2078 0.2377
-0.5735 0.1863 0.2022
-0.4878 0.3544 0.2022
-0.4878 0.3544 0.2022
-0.5735 0.1863 0.2022
-0.5209 0.1692 0.1469
-0.4431 0.3219 0.1469
-0.4431 0.3219 0.1469
-0.5209 0.1692 0.1469
-0.4871 0.1582 0.0772
-0.4144 0.3010 0.0772
-0.4144 0.3010 0.0772
-0.4871 0.1582 0.0772
-0.4755 0.1545 0.0000
-0.4045 0.2938 0.0000
-0.4045 0.2938 0.0000
-0.4755 0.1545 0.0000
-0.4871 0.1582 -0.0772
-0.4144 0.3010 -0.0772
-0.4144 0.3010 -0.0772
-0.4871 0.1582 -0.0772
-0.5209 0.1692 -0.1469
-0.4431 0.3219 -0.1469
-0.4431 0.3219 -0.1469
-0.5209 0.1692 -0.1469
-0.5735 0.1863 -0.2022
-0.4878 0.3544 -0.2022
-0.4878 0.3544 -0.2022
-0.5735 0.1863 -0.2022
-0.6398 0.2078 -0.2377
-0.5442 0.3954 -0.2377
-0.5442 0.3954 -0.2377
-0.6398 0.2078 -0.2377
-0.7132 0.2317 -0.2499
-0.6067 0.4408 -0.2499
-0.6067 0.4408 -0.2499
-0.7132 0.2317 -0.2499
-0.7867 0.2556 -0.2377
-0.6692 0.4862 -0.2377
-0.6692 0.4862 -0.2377
-0.7867 0.2556 -0.2377
-0.8530 0.2771 -0.2022
-0.7256 0.5272 -0.2022
-0.7256 0.5272 -0.2022
-0.8530 0.2771 -0.2022
-0.9056 0.2942 -0.1469
-0.7703 0.5597 -0.1469
-0.7703 0.5597 -0.1469
-0.9056 0.2942 -0.1469
-0.9394 0.3052 -0.0772
-0.7991 0.5805 -0.0772
-0.7991 0.5805 -0.0772
-0.9394 0.3052 -0.0772
-0.9510 0.3090 0.0000
-0.8090 0.5877 0.0000
-0.9510 0.3090 0.0000
-0.9999 0.0000 0.0000
-0.9877 0.0000 0.0772
-0.9394 0.3052 0.0772
-0.9394 0.3052 0.0772
-0.9877 0.0000 0.0772
-0.9522 0.0000 0.1469
-0.9056 0.2942 0.1469
-0.9056 0.2942 0.1469
-0.9522 0.0000 0.1469
-0.8969 0.0000 0.2022
-0.8530 0.2771 0.2022
-0.8530 0.2771 0.2022
-0.8969 0.0000 0.2022
-0.8272 0.0000 0.2377
-0.7867 0.2556 0.2377
-0.7867 0.2556 0.2377
-0.8272 0.0000 0.2377
-0.7499 0.0000 0.2499
-0.7132 0.2317 0.2499
-0.7132 0.2317 0.2499
-0.7499 0.0000 0.2499
-0.6727 0.0000 0.2377
-0.6398 0.2078 0.2377
-0.6398 0.2078 0.2377
-0.6727 0.0000 0.2377
-0.6030 0.0000 0.2022
-0.5735 0.1863 0.2022
-0.5735 0.1863 0.2022
-0.6030 0.0000 0.2022
-0.5477 0.0000 0.1469
-0.5209 0.1692 0.1469
-0.5209 0.1692 0.1469
-0.5477 0.0000 0.1469
-0.5122 0.0000 0.0772
-0.4871 0.1582 0.0772
-0.4871 0.1582 0.0772
-0.5122 0.0000 0.0772
-0.4999 0.0000 0.0000
-0.4755 0.1545 0.0000
-0.4755 0.1545 0.0000
-0.4999 0.0000 0.0000
-0.5122 0.0000 -0.0772
-0.4871 0.1582 -0.0772
-0.4871 0.1582 -0.0772
-0.5122 0.0000 -0.0772
-0.5477 0.0000 -0.1469
-0.5209 0.1692 -0.1469
-0.5209 0.1692 -0.1469
-0.5477 0.0000 -0.1469
-0.6030 0.0000 -0.2022
-0.5735 0.1863 -0.2022
-0.5735 0.1863 -0.2022
-0.6030 0.0000 -0.2022
-0.6727 0.0000 -0.2377
-0.6398 0.2078 -0.2377
-0.6398 0.2078 -0.2377
-0.6727 0.0000 -0.2377
-0.7499 0.0000 -0.2499
-0.7132 0.2317 -0.2499
-0.7132 0.2317 -0.2499
-0.7499 0.0000 -0.2499
-0.8272 0.0000 -0.2377
-0.7867 0.2556 -0.2377
-0.7867 0.2556 -0.2377
-0.8272 0.0000 -0.2377
-0.8969 0.0000 -0.2022
-0.8530 0.2771 -0.2022
-0.8530 0.2771 -0.2022
-0.8969 0.0000 -0.2022
-0.9522 0.0000 -0.1469
-0.9056 0.2942 -0.1469
-0.9056 0.2942 -0.1469
-0.9522 0.0000 -0.1469
-0.9877 0.0000 -0.0772
-0.9394 0.3052 -0.0772
-0.9394 0.3052 -0.0772
-0.9877 0.0000 -0.0772
-0.9999 0.0000 0.0000
-0.9510 0.3090 0.0000
-0.9999 0.0000 0.0000
-0.9510 -0.3090 0.0000
-0.9394 -0.3052 0.0772
-0.9877 0.0000 0.0772
-0.9877 0.0000 0.0772
-0.9394 -0.3052 0.0772
-0.9056 -0.2942 0.1469
-0.9522 0.0000 0.1469
-0.9522 0.0000 0.1469
-0.9056 -0.2942 0.1469
-0.8530 -0.2771 0.2022
-0.8969 0.0000 0.2022
-0.8969 0.0000 0.2022
-0.8530 -0.2771 0.2022
-0.7867 -0.2556 0.2377
-0.8272 0.0000 0.2377
-0.8272 0.0000 0.2377
-0.7867 -0.2556 0.2377
-0.7132 -0.2317 0.2499
-0.7499 0.0000 0.2499
-0.7499 0.0000 0.2499
-0.7132 -0.2317 0.2499
-0.6398 -0.2078 0.2377
-0.6727 0.0000 0.2377
-0.6727 0.0000 0.2377
-0.6398 -0.2078 0.2377
-0.5735 -0.1863 0.2022
-0.6030 0.0000 0.2022
-0.6030 0.0000 0.2022
-0.5735 -0.1863 0.2022
-0.5209 -0.1692 0.1469
-0.5477 0.0000 0.1469
-0.5477 0.0000 0.1469
-0.5209 -0.1692 0.1469
-0.4871 -0.1582 0.0772
-0.5122 0.0000 0.0772
-0.5122 0.0000 0.0772
-0.4871 -0.1582 0.0772
-0.4755 -0.1545 0.0000
-0.4999 0.0000 0.0000
-0.4999 0.0000 0.0000
-0.4755 -0.1545 0.0000
-0.4871 -0.1582 -0.0772
-0.5122 0.0000 -0.0772
-0.5122 0.0000 -0.0772
-0.4871 -0.1582 -0.0772
-0.5209 -0.1692 -0.1469
-0.5477 0.0000 -0.1469
-0.5477 0.0000 -0.1469
-0.5209 -0.1692 -0.1469
-0.5735 -0.1863 -0.2022
-0.6030 0.0000 -0.2022
-0.6030 0.0000 -0.2022
-0.5735 -0.1863 -0.2022
-0.6398 -0.2078 -0.2377
-0.6727 0.0000 -0.2377
-0.6727 0.0000 -0.2377
-0.6398 -0.2078 -0.2377
-0.7132 -0.2317 -0.2499
-0.7499 0.0000 -0.2499
-0.7499 0.0000 -0.2499
-0.7132 -0.2317 -0.2499
-0.7867 -0.2556 -0.2377
-0.8272 0.0000 -0.2377
-0.8272 0.0000 -0.2377
-0.7867 -0.2556 -0.2377
-0.8530 -0.2771 -0.2022
-0.8969 0.0000 -0.2022
-0.8969 0.0000 -0.2022
-0.8530 -0.2771 -0.2022
-0.9056 -0.2942 -0.1469
-0.9522 0.0000 -0.1469
-0.9522 0.0000 -0.1469
-0.9056 -0.2942 -0.1469
-0.9394 -0.3052 -0.0772
-0.9877 0.0000 -0.0772
-0.9877 0.0000 -0.0772
-0.9394 -0.3052 -0.0772
-0.9510 -0.3090 0.0000
-0.9999 0.0000 0.0000
-0.9510 -0.3090 0.0000
-0.8090 -0.5877 0.0000
-0.7991 -0.5805 0.0772
-0.9394 -0.3052 0.0772
-0.9394 -0.3052 0.0772
-0.7991 -0.5805 0.0772
-0.7703 -0.5597 0.1469
-0.9056 -0.2942 0.1469
-0.9056 -0.2942 0.1469
-0.7703 -0.5597 0.1469
-0.7256 -0.5272 0.2022
-0.8530 -0.2771 0.2022
-0.8530 -0.2771 0.2022
-0.7256 -0.5272 0.2022
-0.6692 -0.4862 0.2377
-0.7867 -0.2556 0.2377
-0.7867 -0.2556 0.2377
-0.6692 -0.4862 0.2377
-0.6067 -0.4408 0.2499
-0.7132 -0.2317 0.2499
-0.7132 -0.2317 0.2499
-0.6067 -0.4408 0.2499
-0.5442 -0.3954 0.2377
-0.6398 -0.2078 0.2377
-0.6398 -0.2078 0.2377
-0.5442 -0.3954 0.2377
-0.4878 -0.3544 0.2022
-0.5735 -0.1863 0.2022
-0.5735 -0.1863 0.2022
-0.4878 -0.3544 0.2022
-0.4431 -0.3219 0.1469
-0.5209 -0.1692 0.1469
-0.5209 -0.1692 0.1469
-0.4431 -0.3219 0.1469
-0.4144 -0.3010 0.0772
-0.4871 -0.1582 0.0772
-0.4871 -0.1582 0.0772
-0.4144 -0.3010 0.0772
-0.4045 -0.2938 0.0000
-0.4755 -0.1545 0.0000
-0.4755 -0.1545 0.0000
-0.4045 -0.2938 0.0000
-0.4144 -0.3010 -0.0772
-0.4871 -0.1582 -0.0772
-0.4871 -0.1582 -0.0772
-0.4144 -0.3010 -0.0772
-0.4431 -0.3219 -0.1469
-0.5209 -0.1692 -0.1469
-0.5209 -0.1692 -0.1469
-0.4431 -0.3219 -0.1469
-0.4878 -0.3544 -0.2022
-0.5735 -0.1863 -0.2022
-0.5735 -0.1863 -0.2022
-0.4878 -0.3544 -0.2022
-0.5442 -0.3954 -0.2377
-0.6398 -0.2078 -0.2377
-0.6398 -0.2078 -0.2377
-0.5442 -0.3954 -0.2377
-0.6067 -0.4408 -0.2499
-0.7132 -0.2317 -0.2499
-0.7132 -0.2317 -0.2499
-0.6067 -0.4408 -0.2499
-0.6692 -0.4862 -0.2377
-0.7867 -0.2556 -0.2377
-0.7867 -0.2556 -0.2377
-0.6692 -0.4862 -0.2377
-0.7256 -0.5272 -0.2022
-0.8530 -0.2771 -0.2022
-0.8530 -0.2771 -0.2022
-0.7256 -0.5272 -0.2022
-0.7703 -0.5597 -0.1469
-0.9056 -0.2942 -0.1469
-0.9056 -0.2942 -0.1469
-0.7703 -0.5597 -0.1469
-0.7991 -0.5805 -0.0772
-0.9394 -0.3052 -0.0772
-0.9394 -0.3052 -0.0772
-0.7991 -0.5805 -0.0772
-0.8090 -0.5877 0.0000
-0.9510 -0.3090 0.0000
-0.8090 -0.5877 0.0000
-0.5877 -0.8090 0.0000
-0.5805 -0.7991 0.0772
-0.7991 -0.5805 0.0772
-0.7991 -0.5805 0.0772
-0.5805 -0.7991 0.0772
-0.5597 -0.7703 0.1469
-0.7703 -0.5597 0.1469
-0.7703 -0.5597 0.1469
-0.5597 -0.7703 0.1469
-0.5272 -0.7256 0.2022
-0.7256 -0.5272 0.2022
-0.7256 -0.5272 0.2022
-0.5272 -0.7256 0.2022
-0.4862 -0.6692 0.2377
-0.6692 -0.4862 0.2377
-0.6692 -0.4862 0.2377
-0.4862 -0.6692 0.2377
-0.4408 -0.6067 0.2499
-0.6067 -0.4408 0.2499
-0.6067 -0.4408 0.2499
-0.4408 -0.6067 0.2499
-0.3954 -0.5442 0.2377
-0.5442 -0.3954 0.2377
-0.5442 -0.3954 0.2377
-0.3954 -0.5442 0.2377
-0.3544 -0.4878 0.2022
-0.4878 -0.3544 0.2022
-0.4878 -0.3544 0.2022
-0.3544 -0.4878 0.2022
-0.3219 -0.4431 0.1469
-0.4431 -0.3219 0.1469
-0.4431 -0.3219 0.1469
-0.3219 -0.4431 0.1469
-0.3010 -0.4144 0.0772
-0.4144 -0.3010 0.0772
-0.4144 -0.3010 0.0772
-0.3010 -0.4144 0.0772
-0.2938 -0.4045 0.0000
-0.4045 -0.2938 0.0000
-0.4045 -0.2938 0.0000
-0.2938 -0.4045 0.0000
-0.3010 -0.4144 -0.0772
-0.4144 -0.3010 -0.0772
-0.4144 -0.3010 -0.0772
-0.3010 -0.4144 -0.0772
-0.3219 -0.4431 -0.1469
-0.4431 -0.3219 -0.1469
-0.4431 -0.3219 -0.1469
-0.3219 -0.4431 -0.1469
-0.3544 -0.4878 -0.2022
-0.4878 -0.3544 -0.2022
-0.4878 -0.3544 -0.2022
-0.3544 -0.4878 -0.2022
-0.3954 -0.5442 -0.2377
-0.5442 -0.3954 -0.2377
-0.5442 -0.3954 -0.2377
-0.3954 -0.5442 -0.2377
-0.4408 -0.6067 -0.2499
-0.6067 -0.4408 -0.2499
-0.6067 -0.4408 -0.2499
-0.4408 -0.6067 -0.2499
-0.4862 -0.6692 -0.2377
-0.6692 -0.4862 -0.2377
-0.6692 -0.4862 -0.2377
-0.4862 -0.6692 -0.2377
-0.5272 -0.7256 -0.2022
-0.7256 -0.5272 -0.2022
-0.7256 -0.5272 -0.2022
-0.5272 -0.7256 -0.2022
-0.5597 -0.7703 -0.1469
-0.7703 -0.5597 -0.1469
-0.7703 -0.5597 -0.1469
-0.5597 -0.7703 -0.1469
-0.5805 -0.7991 -0.0772
-0.7991 -0.5805 -0.0772
-0.7991 -0.5805 -0.0772
-0.5805 -0.7991 -0.0772
-0.5877 -0.8090 0.0000
-0.8090 -0.5877 0.0000
-0.5877 -0.8090 0.0000
-0.3090 -0.9510 0.0000
-0.3052 -0.9394 0.0772
-0.5805 -0.7991 0.0772
-0.5805 -0.7991 0.0772
-0.3052 -0.9394 0.0772
-0.2942 -0.9056 0.1469
-0.5597 -0.7703 0.1469
-0.5597 -0.7703 0.1469
-0.2942 -0.9056 0.1469
-0.2771 -0.8530 0.2022
-0.5272 -0.7256 0.2022
-0.5272 -0.7256 0.2022
-0.2771 -0.8530 0.2022
-0.2556 -0.7867 0.2377
-0.4862 -0.6692 0.2377
-0.4862 -0.6692 0.2377
-0.2556 -0.7867 0.2377
-0.2317 -0.7132 0.2499
-0.4408 -0.6067 0.2499
-0.4408 -0.6067 0.2499
-0.2317 -0.7132 0.2499
-0.2078 -0.6398 0.2377
-0.3954 -0.5442 0.2377
-0.3954 -0.5442 0.2377
-0.2078 -0.6398 0.2377
-0.1863 -0.5735 0.2022
-0.3544 -0.4878 0.2022
-0.3544 -0.4878 0.2022
-0.1863 -0.5735 0.2022
-0.1692 -0.5209 0.1469
-0.3219 -0.4431 0.1469
-0.3219 -0.4431 0.1469
-0.1692 -0.5209 0.1469
-0.1582 -0.4871 0.0772
-0.3010 -0.4144 0.0772
-0.3010 -0.4144 0.0772
-0.1582 -0.4871 0.0772
-0.1545 -0.4755 0.0000
-0.2938 -0.4045 0.0000
-0.2938 -0.4045 0.0000
-0.1545 -0.4755 0.0000
-0.1582 -0.4871 -0.0772
-0.3010 -0.4144 -0.0772
-0.3010 -0.4144 -0.0772
-0.1582 -0.4871 -0.0772
-0.1692 -0.5209 -0.1469
-0.3219 -0.4431 -0.1469
-0.3219 -0.4431 -0.1469
-0.1692 -0.5209 -0.1469
-0.1863 -0.5735 -0.2022
-0.3544 -0.4878 -0.2022
-0.3544 -0.4878 -0.2022
-0.1863 -0.5735 -0.2022
-0.2078 -0.6398 -0.2377
-0.3954 -0.5442 -0.2377
-0.3954 -0.5442 -0.2377
-0.2078 -0.6398 -0.2377
-0.2317 -0.7132 -0.2499
-0.4408 -0.6067 -0.2499
-0.4408 -0.6067 -0.2499
-0.2317 -0.7132 -0.2499
-0.2556 -0.7867 -0.2377
-0.4862 -0.6692 -0.2377
-0.4862 -0.6692 -0.2377
-0.2556 -0.7867 -0.2377
-0.2771 -0.8530 -0.2022
-0.5272 -0.7256 -0.2022
-0.5272 -0.7256 -0.2022
-0.2771 -0.8530 -0.2022
-0.2942 -0.9056 -0.1469
-0.5597 -0.7703 -0.1469
-0.5597 -0.7703 -0.1469
-0.2942 -0.9056 -0.1469
-0.3052 -0.9394 -0.0772
-0.5805 -0.7991 -0.0772
-0.5805 -0.7991 -0.0772
-0.3052 -0.9394 -0.0772
-0.3090 -0.9510 0.0000
-0.5877 -0.8090 0.0000
-0.3090 -0.9510 0.0000
0.0000 -0.9999 0.0000
0.0000 -0.9877 0.0772
-0.3052 -0.9394 0.0772
-0.3052 -0.9394 0.0772
0.0000 -0.9877 0.0772
0.0000 -0.9522 0.1469
-0.2942 -0.9056 0.1469
-0.2942 -0.9056 0.1469
0.0000 -0.9522 0.1469
0.0000 -0.8969 0.2022
-0.2771 -0.8530 0.2022
-0.2771 -0.8530 0.2022
0.0000 -0.8969 0.2022
0.0000 -0.8272 0.2377
-0.2556 -0.7867 0.2377
-0.2556 -0.7867 0.2377
0.0000 -0.8272 0.2377
0.0000 -0.7499 0.2499
-0.2317 -0.7132 0.2499
-0.2317 -0.7132 0.2499
0.0000 -0.7499 0.2499
0.0000 -0.6727 0.2377
-0.2078 -0.6398 0.2377
-0.2078 -0.6398 0.2377
0.0000 -0.6727 0.2377
0.0000 -0.6030 0.2022
-0.1863 -0.5735 0.2022
-0.1863 -0.5735 0.2022
0.0000 -0.6030 0.2022
0.0000 -0.5477 0.1469
-0.1692 -0.5209 0.1469
-0.1692 -0.5209 0.1469
0.0000 -0.5477 0.1469
0.0000 -0.5122 0.0772
-0.1582 -0.4871 0.0772
-0.1582 -0.4871 0.0772
0.0000 -0.5122 0.0772
0.0000 -0.4999 0.0000
-0.1545 -0.4755 0.0000
-0.1545 -0.4755 0.0000
0.0000 -0.4999 0.0000
0.0000 -0.5122 -0.0772
-0.1582 -0.4871 -0.0772
-0.1582 -0.4871 -0.0772
0.0000 -0.5122 -0.0772
0.0000 -0.5477 -0.1469
-0.1692 -0.5209 -0.1469
-0.1692 -0.5209 -0.1469
0.0000 -0.5477 -0.1469
0.0000 -0.6030 -0.2022
-0.1863 -0.5735 -0.2022
-0.1863 -0.5735 -0.2022
0.0000 -0.6030 -0.2022
0.0000 -0.6727 -0.2377
-0.2078 -0.6398 -0.2377
-0.2078 -0.6398 -0.2377
0.0000 -0.6727 -0.2377
0.0000 -0.7499 -0.2499
-0.2317 -0.7132 -0.2499
-0.2317 -0.7132 -0.2499
0.0000 -0.7499 -0.2499
0.0000 -0.8272 -0.2377
-0.2556 -0.7867 -0.2377
-0.2556 -0.7867 -0.2377
0.0000 -0.8272 -0.2377
0.0000 -0.8969 -0.2022
-0.2771 -0.8530 -0.2022
-0.2771 -0.8530 -0.2022
0.0000 -0.8969 -0.2022
0.0000 -0.9522 -0.1469
-0.2942 -0.9056 -0.1469
-0.2942 -0.9056 -0.1469
0.0000 -0.9522 -0.1469
0.0000 -0.9877 -0.0772
-0.3052 -0.9394 -0.0772
-0.3052 -0.9394 -0.0772
0.0000 -0.9877 -0.0772
0.0000 -0.9999 0.0000
-0.3090 -0.9510 0.0000
0.0000 -0.9999 0.0000
0.3090 -0.9510 0.0000
0.3052 -0.9394 0.0772
0.0000 -0.9877 0.0772
0.0000 -0.9877 0.0772
0.3052 -0.9394 0.0772
0.2942 -0.9056 0.1469
0.0000 -0.9522 0.1469
0.0000 -0.9522 0.1469
0.2942 -0.9056 0.1469
0.2771 -0.8530 0.2022
0.0000 -0.8969 0.2022
0.0000 -0.8969 0.2022
0.2771 -0.8530 0.2022
0.2556 -0.7867 0.2377
0.0000 -0.8272 0.2377
0.0000 -0.8272 0.2377
0.2556 -0.7867 0.2377
0.2317 -0.7132 0.2499
0.0000 -0.7499 0.2499
0.0000 -0.7499 0.2499
0.2317 -0.7132 0.2499
0.2078 -0.6398 0.2377
0.0000 -0.6727 0.2377
0.0000 -0.6727 0.2377
0.2078 -0.6398 0.2377
0.1863 -0.5735 0.2022
0.0000 -0.6030 0.2022
0.0000 -0.6030 0.2022
0.1863 -0.5735 0.2022
0.1692 -0.5209 0.1469
0.0000 -0.5477 0.1469
0.0000 -0.5477 0.1469
0.1692 -0.5209 0.1469
0.1582 -0.4871 0.0772
0.0000 -0.5122 0.0772
0.0000 -0.5122 0.0772
0.1582 -0.4871 0.0772
0.1545 -0.4755 0.0000
0.0000 -0.4999 0.0000
0.0000 -0.4999 0.0000
0.1545 -0.4755 0.0000
0.1582 -0.4871 -0.0772
0.0000 -0.5122 -0.0772
0.0000 -0.5122 -0.0772
0.1582 -0.4871 -0.0772
0.1692 -0.5209 -0.1469
0.0000 -0.5477 -0.1469
0.0000 -0.5477 -0.1469
0.1692 -0.5209 -0.1469
0.1863 -0.5735 -0.2022
0.0000 -0.6030 -0.2022
0.0000 -0.6030 -0.2022
0.1863 -0.5735 -0.2022
0.2078 -0.6398 -0.2377
0.0000 -0.6727 -0.2377
0.0000 -0.6727 -0.2377
0.2078 -0.6398 -0.2377
0.2317 -0.7132 -0.2499
0.0000 -0.7499 -0.2499
0.0000 -0.7499 -0.2499
0.2317 -0.7132 -0.2499
0.2556 -0.7867 -0.2377
0.0000 -0.8272 -0.2377
0.0000 -0.8272 -0.2377
0.2556 -0.7867 -0.2377
0.2771 -0.8530 -0.2022
0.0000 -0.8969 -0.2022
0.0000 -0.8969 -0.2022
0.2771 -0.8530 -0.2022
0.2942 -0.9056 -0.1469
0.0000 -0.9522 -0.1469
0.0000 -0.9522 -0.1469
0.2942 -0.9056 -0.1469
0.3052 -0.9394 -0.0772
0.0000 -0.9877 -0.0772
0.0000 -0.9877 -0.0772
0.3052 -0.9394 -0.0772
0.3090 -0.9510 0.0000
0.0000 -0.9999 0.0000
0.3090 -0.9510 0.0000
0.5877 -0.8090 0.0000
0.5805 -0.7991 0.0772
0.3052 -0.9394 0.0772
0.3052 -0.9394 0.0772
0.5805 -0.7991 0.0772
0.5597 -0.7703 0.1469
0.2942 -0.9056 0.1469
0.2942 -0.9056 0.1469
0.5597 -0.7703 0.1469
0.5272 -0.7256 0.2022
0.2771 -0.8530 0.2022
0.2771 -0.8530 0.2022
0.5272 -0.7256 0.2022
0.4862 -0.6692 0.2377
0.2556 -0.7867 0.2377
0.2556 -0.7867 0.2377
0.4862 -0.6692 0.2377
0.4408 -0.6067 0.2499
0.2317 -0.7132 0.2499
0.2317 -0.7132 0.2499
0.4408 -0.6067 0.2499
0.3954 -0.5442 0.2377
0.2078 -0.6398 0.2377
0.2078 -0.6398 0.2377
0.3954 -0.5442 0.2377
0.3544 -0.4878 0.2022
0.1863 -0.5735 0.2022
0.1863 -0.5735 0.2022
0.3544 -0.4878 0.2022
0.3219 -0.4431 0.1469
0.1692 -0.5209 0.1469
0.1692 -0.5209 0.1469
0.3219 -0.4431 0.1469
0.3010 -0.4144 0.0772
0.1582 -0.4871 0.0772
0.1582 -0.4871 0.0772
0.3010 -0.4144 0.0772
0.2938 -0.4045 0.0000
0.1545 -0.4755 0.0000
0.1545 -0.4755 0.0000
0.2938 -0.4045 0.0000
0.3010 -0.4144 -0.0772
0.1582 -0.4871 -0.0772
0.1582 -0.4871 -0.0772
0.3010 -0.4144 -0.0772
0.3219 -0.4431 -0.1469
0.1692 -0.5209 -0.1469
0.1692 -0.5209 -0.1469
0.3219 -0.4431 -0.1469
0.3544 -0.4878 -0.2022
0.1863 -0.5735 -0.2022
0.1863 -0.5735 -0.2022
0.3544 -0.4878 -0.2022
0.3954 -0.5442 -0.2377
0.2078 -0.6398 -0.2377
0.2078 -0.6398 -0.2377
0.3954 -0.5442 -0.2377
0.4408 -0.6067 -0.2499
0.2317 -0.7132 -0.2499
0.2317 -0.7132 -0.2499
0.4408 -0.6067 -0.2499
0.4862 -0.6692 -0.2377
0.2556 -0.7867 -0.2377
0.2556 -0.7867 -0.2377
0.4862 -0.6692 -0.2377
0.5272 -0.7256 -0.2022
0.2771 -0.8530 -0.2022
0.2771 -0.8530 -0.2022
0.5272 -0.7256 -0.2022
0.5597 -0.7703 -0.1469
0.2942 -0.9056 -0.1469
0.2942 -0.9056 -0.1469
0.5597 -0.7703 -0.1469
0.5805 -0.7991 -0.0772
0.3052 -0.9394 -0.0772
0.3052 -0.9394 -0.0772
0.5805 -0.7991 -0.0772
0.5877 -0.8090 0.0000
0.3090 -0.9510 0.0000
0.5877 -0.8090 0.0000
0.8090 -0.5877 0.0000
0.7991 -0.5805 0.0772
0.5805 -0.7991 0.0772
0.5805 -0.7991 0.0772
0.7991 -0.5805 0.0772
0.7703 -0.5597 0.1469
0.5597 -0.7703 0.1469
0.5597 -0.7703 0.1469
0.7703 -0.5597 0.1469
0.7256 -0.5272 0.2022
0.5272 -0.7256 0.2022
0.5272 -0.7256 0.2022
0.7256 -0.5272 0.2022
0.6692 -0.4862 0.2377
0.4862 -0.6692 0.2377
0.4862 -0.6692 0.2377
0.6692 -0.4862 0.2377
0.6067 -0.4408 0.2499
0.4408 -0.6067 0.2499
0.4408 -0.6067 0.2499
0.6067 -0.4408 0.2499
0.5442 -0.3954 0.2377
0.3954 -0.5442 0.2377
0.3954 -0.5442 0.2377
0.5442 -0.3954 0.2377
0.4878 -0.3544 0.2022
0.3544 -0.4878 0.2022
0.3544 -0.4878 0.2022
0.4878 -0.3544 0.2022
0.4431 -0.3219 0.1469
0.3219 -0.4431 0.1469
0.3219 -0.4431 0.1469
0.4431 -0.3219 0.1469
0.4144 -0.3010 0.0772
0.3010 -0.4144 0.0772
0.3010 -0.4144 0.0772
0.4144 -0.3010 0.0772
0.4045 -0.2938 0.0000
0.2938 -0.4045 0.0000
0.2938 -0.4045 0.0000
0.4045 -0.2938 0.0000
0.4144 -0.3010 -0.0772
0.3010 -0.4144 -0.0772
0.3010 -0.4144 -0.0772
0.4144 -0.3010 -0.0772
0.4431 -0.3219 -0.1469
0.3219 -0.4431 -0.1469
0.3219 -0.4431 -0.1469
0.4431 -0.3219 -0.1469
0.4878 -0.3544 -0.2022
0.3544 -0.4878 -0.2022
0.3544 -0.4878 -0.2022
0.4878 -0.3544 -0.2022
0.5442 -0.3954 -0.2377
0.3954 -0.5442 -0.2377
0.3954 -0.5442 -0.2377
0.5442 -0.3954 -0.2377
0.6067 -0.4408 -0.2499
0.4408 -0.6067 -0.2499
0.4408 -0.6067 -0.2499
0.6067 -0.4408 -0.2499
0.6692 -0.4862 -0.2377
0.4862 -0.6692 -0.2377
0.4862 -0.6692 -0.2377
0.6692 -0.4862 -0.2377
0.7256 -0.5272 -0.2022
0.5272 -0.7256 -0.2022
0.5272 -0.7256 -0.2022
0.7256 -0.5272 -0.2022
0.7703 -0.5597 -0.1469
0.5597 -0.7703 -0.1469
0.5597 -0.7703 -0.1469
0.7703 -0.5597 -0.1469
0.7991 -0.5805 -0.0772
0.5805 -0.7991 -0.0772
0.5805 -0.7991 -0.0772
0.7991 -0.5805 -0.0772
0.8090 -0.5877 0.0000
0.5877 -0.8090 0.0000
0.8090 -0.5877 0.0000
0.9510 -0.3090 0.0000
0.9394 -0.3052 0.0772
0.7991 -0.5805 0.0772
0.7991 -0.5805 0.0772
0.9394 -0.3052 0.0772
0.9056 -0.2942 0.1469
0.7703 -0.5597 0.1469
0.7703 -0.5597 0.1469
0.9056 -0.2942 0.1469
0.8530 -0.2771 0.2022
0.7256 -0.5272 0.2022
0.7256 -0.5272 0.2022
0.8530 -0.2771 0.2022
0.7867 -0.2556 0.2377
0.6692 -0.4862 0.2377
0.6692 -0.4862 0.2377
0.7867 -0.2556 0.2377
0.7132 -0.2317 0.2499
0.6067 -0.4408 0.2499
0.6067 -0.4408 0.2499
0.7132 -0.2317 0.2499
0.6398 -0.2078 0.2377
0.5442 -0.3954 0.2377
0.5442 -0.3954 0.2377
0.6398 -0.2078 0.2377
0.5735 -0.1863 0.2022
0.4878 -0.3544 0.2022
0.4878 -0.3544 0.2022
0.5735 -0.1863 0.2022
0.5209 -0.1692 0.1469
0.4431 -0.3219 0.1469
0.4431 -0.3219 0.1469
0.5209 -0.1692 0.1469
0.4871 -0.1582 0.0772
0.4144 -0.3010 0.0772
0.4144 -0.3010 0.0772
0.4871 -0.1582 0.0772
0.4755 -0.1545 0.0000
0.4045 -0.2938 0.0000
0.4045 -0.2938 0.0000
0.4755 -0.1545 0.0000
0.4871 -0.1582 -0.0772
0.4144 -0.3010 -0.0772
0.4144 -0.3010 -0.0772
0.4871 -0.1582 -0.0772
0.5209 -0.1692 -0.1469
0.4431 -0.3219 -0.1469
0.4431 -0.3219 -0.1469
0.5209 -0.1692 -0.1469
0.5735 -0.1863 -0.2022
0.4878 -0.3544 -0.2022
0.4878 -0.3544 -0.2022
0.5735 -0.1863 -0.2022
0.6398 -0.2078 -0.2377
0.5442 -0.3954 -0.2377
0.5442 -0.3954 -0.2377
0.6398 -0.2078 -0.2377
0.7132 -0.2317 -0.2499
0.6067 -0.4408 -0.2499
0.6067 -0.4408 -0.2499
0.7132 -0.2317 -0.2499
0.7867 -0.2556 -0.2377
0.6692 -0.4862 -0.2377
0.6692 -0.4862 -0.2377
0.7867 -0.2556 -0.2377
0.8530 -0.2771 -0.2022
0.7256 -0.5272 -0.2022
0.7256 -0.5272 -0.2022
0.8530 -0.2771 -0.2022
0.9056 -0.2942 -0.1469
0.7703 -0.5597 -0.1469
0.7703 -0.5597 -0.1469
0.9056 -0.2942 -0.1469
0.9394 -0.3052 -0.0772
0.7991 -0.5805 -0.0772
0.7991 -0.5805 -0.0772
0.9394 -0.3052 -0.0772
0.9510 -0.3090 0.0000
0.8090 -0.5877 0.0000
0.9510 -0.3090 0.0000
0.9999 0.0000 0.0000
0.9877 0.0000 0.0772
0.9394 -0.3052 0.0772
0.9394 -0.3052 0.0772
0.9877 0.0000 0.0772
0.9522 0.0000 0.1469
0.9056 -0.2942 0.1469
0.9056 -0.2942 0.1469
0.9522 0.0000 0.1469
0.8969 0.0000 0.2022
0.8530 -0.2771 0.2022
0.8530 -0.2771 0.2022
0.8969 0.0000 0.2022
0.8272 0.0000 0.2377
0.7867 -0.2556 0.2377
0.7867 -0.2556 0.2377
0.8272 0.0000 0.2377
0.7499 0.0000 0.2499
0.7132 -0.2317 0.2499
0.7132 -0.2317 0.2499
0.7499 0.0000 0.2499
0.6727 0.0000 0.2377
0.6398 -0.2078 0.2377
0.6398 -0.2078 0.2377
0.6727 0.0000 0.2377
0.6030 0.0000 0.2022
0.5735 -0.1863 0.2022
0.5735 -0.1863 0.2022
0.6030 0.0000 0.2022
0.5477 0.0000 0.1469
0.5209 -0.1692 0.1469
0.5209 -0.1692 0.1469
0.5477 0.0000 0.1469
0.5122 0.0000 0.0772
0.4871 -0.1582 0.0772
0.4871 -0.1582 0.0772
0.5122 0.0000 0.0772
0.4999 0.0000 0.0000
0.4755 -0.1545 0.0000
0.4755 -0.1545 0.0000
0.4999 0.0000 0.0000
0.5122 0.0000 -0.0772
0.4871 -0.1582 -0.0772
0.4871 -0.1582 -0.0772
0.5122 0.0000 -0.0772
0.5477 0.0000 -0.1469
0.5209 -0.1692 -0.1469
0.5209 -0.1692 -0.1469
0.5477 0.0000 -0.1469
0.6030 0.0000 -0.2022
0.5735 -0.1863 -0.2022
0.5735 -0.1863 -0.2022
0.6030 0.0000 -0.2022
0.6727 0.0000 -0.2377
0.6398 -0.2078 -0.2377
0.6398 -0.2078 -0.2377
0.6727 0.0000 -0.2377
0.7499 0.0000 -0.2499
0.7132 -0.2317 -0.2499
0.7132 -0.2317 -0.2499
0.7499 0.0000 -0.2499
0.8272 0.0000 -0.2377
0.7867 -0.2556 -0.2377
0.7867 -0.2556 -0.2377
0.8272 0.0000 -0.2377
0.8969 0.0000 -0.2022
0.8530 -0.2771 -0.2022
0.8530 -0.2771 -0.2022
0.8969 0.0000 -0.2022
0.9522 0.0000 -0.1469
0.9056 -0.2942 -0.1469
0.9056 -0.2942 -0.1469
0.9522 0.0000 -0.1469
0.9877 0.0000 -0.0772
0.9394 -0.3052 -0.0772
0.9394 -0.3052 -0.0772
0.9877 0.0000 -0.0772
0.9999 0.0000 0.0000
0.9510 -0.3090 0.0000
0.9999 0.0000 0.0000
0.9510 0.3090 0.0000
0.9394 0.3052 0.0772
0.9877 0.0000 0.0772
0.9877 0.0000 0.0772
0.9394 0.3052 0.0772
0.9056 0.2942 0.1469
0.9522 0.0000 0.1469
0.9522 0.0000 0.1469
0.9056 0.2942 0.1469
0.8530 0.2771 0.2022
0.8969 0.0000 0.2022
0.8969 0.0000 0.2022
0.8530 0.2771 0.2022
0.7867 0.2556 0.2377
0.8272 0.0000 0.2377
0.8272 0.0000 0.2377
0.7867 0.2556 0.2377
0.7132 0.2317 0.2499
0.7499 0.0000 0.2499
0.7499 0.0000 0.2499
0.7132 0.2317 0.2499
0.6398 0.2078 0.2377
0.6727 0.0000 0.2377
0.6727 0.0000 0.2377
0.6398 0.2078 0.2377
0.5735 0.1863 0.2022
0.6030 0.0000 0.2022
0.6030 0.0000 0.2022
0.5735 0.1863 0.2022
0.5209 0.1692 0.1469
0.5477 0.0000 0.1469
0.5477 0.0000 0.1469
0.5209 0.1692 0.1469
0.4871 0.1582 0.0772
0.5122 0.0000 0.0772
0.5122 0.0000 0.0772
0.4871 0.1582 0.0772
0.4755 0.1545 0.0000
0.4999 0.0000 0.0000
0.4999 0.0000 0.0000
0.4755 0.1545 0.0000
0.4871 0.1582 -0.0772
0.5122 0.0000 -0.0772
0.5122 0.0000 -0.0772
0.4871 0.1582 -0.0772
0.5209 0.1692 -0.1469
0.5477 0.0000 -0.1469
0.5477 0.0000 -0.1469
0.5209 0.1692 -0.1469
0.5735 0.1863 -0.2022
0.6030 0.0000 -0.2022
0.6030 0.0000 -0.2022
0.5735 0.1863 -0.2022
0.6398 0.2078 -0.2377
0.6727 0.0000 -0.2377
0.6727 0.0000 -0.2377
0.6398 0.2078 -0.2377
0.7132 0.2317 -0.2499
0.7499 0.0000 -0.2499
0.7499 0.0000 -0.2499
0.7132 0.2317 -0.2499
0.7867 0.2556 -0.2377
0.8272 0.0000 -0.2377
0.8272 0.0000 -0.2377
0.7867 0.2556 -0.2377
0.8530 0.2771 -0.2022
0.8969 0.0000 -0.2022
0.8969 0.0000 -0.2022
0.8530 0.2771 -0.2022
0.9056 0.2942 -0.1469
0.9522 0.0000 -0.1469
0.9522 0.0000 -0.1469
0.9056 0.2942 -0.1469
0.9394 0.3052 -0.0772
0.9877 0.0000 -0.0772
0.9877 0.0000 -0.0772
0.9394 0.3052 -0.0772
0.9510 0.3090 0.0000
0.9999 0.0000 0.0000
0.9510 0.3090 0.0000
0.8090 0.5877 0.0000
0.7991 0.5805 0.0772
0.9394 0.3052 0.0772
0.9394 0.3052 0.0772
0.7991 0.5805 0.0772
0.7703 0.5597 0.1469
0.9056 0.2942 0.1469
0.9056 0.2942 0.1469
0.7703 0.5597 0.1469
0.7256 0.5272 0.2022
0.8530 0.2771 0.2022
0.8530 0.2771 0.2022
0.7256 0.5272 0.2022
0.6692 0.4862 0.2377
0.7867 0.2556 0.2377
0.7867 0.2556 0.2377
0.6692 0.4862 0.2377
0.6067 0.4408 0.2499
0.7132 0.2317 0.2499
0.7132 0.2317 0.2499
0.6067 0.4408 0.2499
0.5442 0.3954 0.2377
0.6398 0.2078 0.2377
0.6398 0.2078 0.2377
0.5442 0.3954 0.2377
0.4878 0.3544 0.2022
0.5735 0.1863 0.2022
0.5735 0.1863 0.2022
0.4878 0.3544 0.2022
0.4431 0.3219 0.1469
0.5209 0.1692 0.1469
0.5209 0.1692 0.1469
0.4431 0.3219 0.1469
0.4144 0.3010 0.0772
0.4871 0.1582 0.0772
0.4871 0.1582 0.0772
0.4144 0.3010 0.0772
0.4045 0.2938 0.0000
0.4755 0.1545 0.0000
0.4755 0.1545 0.0000
0.4045 0.2938 0.0000
0.4144 0.3010 -0.0772
0.4871 0.1582 -0.0772
0.4871 0.1582 -0.0772
0.4144 0.3010 -0.0772
0.4431 0.3219 -0.1469
0.5209 0.1692 -0.1469
0.5209 0.1692 -0.1469
0.4431 0.3219 -0.1469
0.4878 0.3544 -0.2022
0.5735 0.1863 -0.2022
0.5735 0.1863 -0.2022
0.4878 0.3544 -0.2022
0.5442 0.3954 -0.2377
0.6398 0.2078 -0.2377
0.6398 0.2078 -0.2377
0.5442 0.3954 -0.2377
0.6067 0.4408 -0.2499
0.7132 0.2317 -0.2499
0.7132 0.2317 -0.2499
0.6067 0.4408 -0.2499
0.6692 0.4862 -0.2377
0.7867 0.2556 -0.2377
0.7867 0.2556 -0.2377
0.6692 0.4862 -0.2377
0.7256 0.5272 -0.2022
0.8530 0.2771 -0.2022
0.8530 0.2771 -0.2022
0.7256 0.5272 -0.2022
0.7703 0.5597 -0.1469
0.9056 0.2942 -0.1469
0.9056 0.2942 -0.1469
0.7703 0.5597 -0.1469
0.7991 0.5805 -0.0772
0.9394 0.3052 -0.0772
0.9394 0.3052 -0.0772
0.7991 0.5805 -0.0772
0.8090 0.5877 0.0000
0.9510 0.3090 0.0000
0.8090 0.5877 0.0000
0.5877 0.8090 0.0000
0.5805 0.7991 0.0772
0.7991 0.5805 0.0772
0.7991 0.5805 0.0772
0.5805 0.7991 0.0772
0.5597 0.7703 0.1469
0.7703 0.5597 0.1469
0.7703 0.5597 0.1469
0.5597 0.7703 0.1469
0.5272 0.7256 0.2022
0.7256 0.5272 0.2022
0.7256 0.5272 0.2022
0.5272 0.7256 0.2022
0.4862 0.6692 0.2377
0.6692 0.4862 0.2377
0.6692 0.4862 0.2377
0.4862 0.6692 0.2377
0.4408 0.6067 0.2499
0.6067 0.4408 0.2499
0.6067 0.4408 0.2499
0.4408 0.6067 0.2499
0.3954 0.5442 0.2377
0.5442 0.3954 0.2377
0.5442 0.3954 0.2377
0.3954 0.5442 0.2377
0.3544 0.4878 0.2022
0.4878 0.3544 0.2022
0.4878 0.3544 0.2022
0.3544 0.4878 0.2022
0.3219 0.4431 0.1469
0.4431 0.3219 0.1469
0.4431 0.3219 0.1469
0.3219 0.4431 0.1469
0.3010 0.4144 0.0772
0.4144 0.3010 0.0772
0.4144 0.3010 0.0772
0.3010 0.4144 0.0772
0.2938 0.4045 0.0000
0.4045 0.2938 0.0000
0.4045 0.2938 0.0000
0.2938 0.4045 0.0000
0.3010 0.4144 -0.0772
0.4144 0.3010 -0.0772
0.4144 0.3010 -0.0772
0.3010 0.4144 -0.0772
0.3219 0.4431 -0.1469
0.4431 0.3219 -0.1469
0.4431 0.3219 -0.1469
0.3219 0.4431 -0.1469
0.3544 0.4878 -0.2022
0.4878 0.3544 -0.2022
0.4878 0.3544 -0.2022
0.3544 0.4878 -0.2022
0.3954 0.5442 -0.2377
0.5442 0.3954 -0.2377
0.5442 0.3954 -0.2377
0.3954 0.5442 -0.2377
0.4408 0.6067 -0.2499
0.6067 0.4408 -0.2499
0.6067 0.4408 -0.2499
0.4408 0.6067 -0.2499
0.4862 0.6692 -0.2377
0.6692 0.4862 -0.2377
0.6692 0.4862 -0.2377
0.4862 0.6692 -0.2377
0.5272 0.7256 -0.2022
0.7256 0.5272 -0.2022
0.7256 0.5272 -0.2022
0.5272 0.7256 -0.2022
0.5597 0.7703 -0.1469
0.7703 0.5597 -0.1469
0.7703 0.5597 -0.1469
0.5597 0.7703 -0.1469
0.5805 0.7991 -0.0772
0.7991 0.5805 -0.0772
0.7991 0.5805 -0.0772
0.5805 0.7991 -0.0772
0.5877 0.8090 0.0000
0.8090 0.5877 0.0000
0.5877 0.8090 0.0000
0.3090 0.9510 0.0000
0.3052 0.9394 0.0772
0.5805 0.7991 0.0772
0.5805 0.7991 0.0772
0.3052 0.9394 0.0772
0.2942 0.9056 0.1469
0.5597 0.7703 0.1469
0.5597 0.7703 0.1469
0.2942 0.9056 0.1469
0.2771 0.8530 0.2022
0.5272 0.7256 0.2022
0.5272 0.7256 0.2022
0.2771 0.8530 0.2022
0.2556 0.7867 0.2377
0.4862 0.6692 0.2377
0.4862 0.6692 0.2377
0.2556 0.7867 0.2377
0.2317 0.7132 0.2499
0.4408 0.6067 0.2499
0.4408 0.6067 0.2499
0.2317 0.7132 0.2499
0.2078 0.6398 0.2377
0.3954 0.5442 0.2377
0.3954 0.5442 0.2377
0.2078 0.6398 0.2377
0.1863 0.5735 0.2022
0.3544 0.4878 0.2022
0.3544 0.4878 0.2022
0.1863 0.5735 0.2022
0.1692 0.5209 0.1469
0.3219 0.4431 0.1469
0.3219 0.4431 0.1469
0.1692 0.5209 0.1469
0.1582 0.4871 0.0772
0.3010 0.4144 0.0772
0.3010 0.4144 0.0772
0.1582 0.4871 0.0772
0.1545 0.4755 0.0000
0.2938 0.4045 0.0000
0.2938 0.4045 0.0000
0.1545 0.4755 0.0000
0.1582 0.4871 -0.0772
0.3010 0.4144 -0.0772
0.3010 0.4144 -0.0772
0.1582 0.4871 -0.0772
0.1692 0.5209 -0.1469
0.3219 0.4431 -0.1469
0.3219 0.4431 -0.1469
0.1692 0.5209 -0.1469
0.1863 0.5735 -0.2022
0.3544 0.4878 -0.2022
0.3544 0.4878 -0.2022
0.1863 0.5735 -0.2022
0.2078 0.6398 -0.2377
0.3954 0.5442 -0.2377
0.3954 0.5442 -0.2377
0.2078 0.6398 -0.2377
0.2317 0.7132 -0.2499
0.4408 0.6067 -0.2499
0.4408 0.6067 -0.2499
0.2317 0.7132 -0.2499
0.2556 0.7867 -0.2377
0.4862 0.6692 -0.2377
0.4862 0.6692 -0.2377
0.2556 0.7867 -0.2377
0.2771 0.8530 -0.2022
0.5272 0.7256 -0.2022
0.5272 0.7256 -0.2022
0.2771 0.8530 -0.2022
0.2942 0.9056 -0.1469
0.5597 0.7703 -0.1469
0.5597 0.7703 -0.1469
0.2942 0.9056 -0.1469
0.3052 0.9394 -0.0772
0.5805 0.7991 -0.0772
0.5805 0.7991 -0.0772
0.3052 0.9394 -0.0772
0.3090 0.9510 0.0000
0.5877 0.8090 0.0000
0.3090 0.9510 0.0000
0.0000 1.0000 0.0000
0.0000 0.9877 0.0772
0.3052 0.9394 0.0772
0.3052 0.9394 0.0772
0.0000 0.9877 0.0772
0.0000 0.9522 0.1469
0.2942 0.9056 0.1469
0.2942 0.9056 0.1469
0.0000 0.9522 0.1469
0.0000 0.8969 0.2022
0.2771 0.8530 0.2022
0.2771 0.8530 0.2022
0.0000 0.8969 0.2022
0.0000 0.8272 0.2377
0.2556 0.7867 0.2377
0.2556 0.7867 0.2377
0.0000 0.8272 0.2377
0.0000 0.7500 0.2499
0.2317 0.7132 0.2499
0.2317 0.7132 0.2499
0.0000 0.7500 0.2499
0.0000 0.6727 0.2377
0.2078 0.6398 0.2377
0.2078 0.6398 0.2377
0.0000 0.6727 0.2377
0.0000 0.6030 0.2022
0.1863 0.5735 0.2022
0.1863 0.5735 0.2022
0.0000 0.6030 0.2022
0.0000 0.5477 0.1469
0.1692 0.5209 0.1469
0.1692 0.5209 0.1469
0.0000 0.5477 0.1469
0.0000 0.5122 0.0772
0.1582 0.4871 0.0772
0.1582 0.4871 0.0772
0.0000 0.5122 0.0772
0.0000 0.5000 0.0000
0.1545 0.4755 0.0000
0.1545 0.4755 0.0000
0.0000 0.5000 0.0000
0.0000 0.5122 -0.0772
0.1582 0.4871 -0.0772
0.1582 0.4871 -0.0772
0.0000 0.5122 -0.0772
0.0000 0.5477 -0.1469
0.1692 0.5209 -0.1469
0.1692 0.5209 -0.1469
0.0000 0.5477 -0.1469
0.0000 0.6030 -0.2022
0.1863 0.5735 -0.2022
0.1863 0.5735 -0.2022
0.0000 0.6030 -0.2022
0.0000 0.6727 -0.2377
0.2078 0.6398 -0.2377
0.2078 0.6398 -0.2377
0.0000 0.6727 -0.2377
0.0000 0.7500 -0.2499
0.2317 0.7132 -0.2499
0.2317 0.7132 -0.2499
0.0000 0.7500 -0.2499
0.0000 0.8272 -0.2377
0.2556 0.7867 -0.2377
0.2556 0.7867 -0.2377
0.0000 0.8272 -0.2377
0.0000 0.8969 -0.2022
0.2771 0.8530 -0.2022
0.2771 0.8530 -0.2022
0.0000 0.8969 -0.2022
0.0000 0.9522 -0.1469
0.2942 0.9056 -0.1469
0.2942 0.9056 -0.1469
0.0000 0.9522 -0.1469
0.0000 0.9877 -0.0772
0.3052 0.9394 -0.0772
0.3052 0.9394 -0.0772
0.0000 0.9877 -0.0772
0.0000 1.0000 0.0000
0.3090 0.9510 0.0000
